5.321359263239527536e+03,5.347081692053102415e+03,5.372244605275518552e+03,5.392690103023839583e+03,5.422709372013261600e+03,5.449512670158486799e+03,5.473258665489475788e+03,5.490101416329785934e+03,5.501198369063317841e+03,5.509740919776944793e+03,5.516565415117560406e+03,5.530243225599858306e+03,5.551751486547456807e+03,5.576635298902036084e+03,5.602349308020241551e+03,5.627985896821595816e+03,5.647068908139287487e+03,5.661189874983940172e+03,5.674373874621658615e+03,5.681628315680377455e+03,5.683379000450688181e+03,5.679729874632247629e+03
5.298084445999373202e+03,5.324823141387646501e+03,5.341554389456330682e+03,5.362380288046210808e+03,5.391795891106326962e+03,5.419741583028526293e+03,5.445608985222993397e+03,5.465015345785313002e+03,5.478485910643732495e+03,5.487390700011796980e+03,5.497287457423082742e+03,5.509852340828228080e+03,5.527962780841595304e+03,5.555491609161583256e+03,5.579536222989765520e+03,5.605961327096817513e+03,5.626586316959722353e+03,5.647339590454601421e+03,5.664395375119373057e+03,5.677726654122290711e+03,5.683108546500014199e+03,5.682351526354630550e+03
5.275181494275503610e+03,5.293236797486871183e+03,5.308891673996253303e+03,5.327363008531469859e+03,5.357267368408868606e+03,5.387447088901417374e+03,5.414025300737499492e+03,5.435655888743973264e+03,5.446732815875264350e+03,5.457853051001276981e+03,5.466556706659936026e+03,5.475856773485122176e+03,5.491027107914345834e+03,5.515498917690928465e+03,5.538524800591590065e+03,5.562218877421159050e+03,5.588340902612504578e+03,5.617949666150457233e+03,5.642007399149001685e+03,5.663244870290095605e+03,5.675748381203422468e+03,5.679510907385440987e+03
5.255069321309623774e+03,5.268342461601484501e+03,5.278966981372077498e+03,5.297325232115636027e+03,5.330194075339663868e+03,5.360552915613329787e+03,5.385699795163412091e+03,5.405097001196700148e+03,5.414153491850870523e+03,5.423086132666830963e+03,5.428927418492650759e+03,5.434312772885874438e+03,5.446363781726130583e+03,5.467693101484101135e+03,5.487108722195326663e+03,5.509415316689625797e+03,5.537733648620132044e+03,5.567912399161417852e+03,5.606075084633749611e+03,5.639198051084192230e+03,5.662658953951192416e+03,5.674548189012620242e+03
5.236556686698349040e+03,5.244995440110428717e+03,5.255541322831216348e+03,5.279593512665735034e+03,5.313436243936057508e+03,5.345822053887179209e+03,5.369404591334612633e+03,5.387199528786777591e+03,5.393263070796623651e+03,5.396082552699441294e+03,5.396594458153062078e+03,5.401061117582980842e+03,5.410672959845555852e+03,5.428807774182057983e+03,5.445724834732095587e+03,5.460365814108756240e+03,5.489958178613785094e+03,5.518128050194483876e+03,5.563430199758015988e+03,5.606268433982584611e+03,5.645994269836794047e+03,5.666834438591657999e+03
5.217802593043267734e+03,5.227679608917712358e+03,5.237606819875385554e+03,5.267807340015381669e+03,5.306568204505384529e+03,5.343151311517469367e+03,5.366880087131875371e+03,5.380839926774261585e+03,5.385751352993979708e+03,5.388588259711856153e+03,5.387770838019855546e+03,5.388326607394464190e+03,5.396772785825090068e+03,5.409080047335249219e+03,5.419039613200357962e+03,5.430046768172051088e+03,5.451083406421571453e+03,5.478424742629516004e+03,5.525048786074776217e+03,5.584432090786577646e+03,5.625585737839322064e+03,5.652013618716086057e+03
5.204758559343841625e+03,5.216197092218136277e+03,5.231112283805173320e+03,5.263984744527139810e+03,5.306691685847175904e+03,5.345306978461623657e+03,5.371638922298853686e+03,5.387622590077317909e+03,5.392449280338440076e+03,5.397817133944863599e+03,5.398641368329760553e+03,5.399378754353577278e+03,5.403977392782501738e+03,5.410830850893396928e+03,5.416985116874185223e+03,5.425089186771370805e+03,5.422781003798343590e+03,5.456086377728247498e+03,5.508726977419813011e+03,5.561509765723849341e+03,5.610423934872011159e+03,5.644052457786418927e+03
5.203521160115296880e+03,5.210812710154953493e+03,5.233305872425517009e+03,5.269029694052203013e+03,5.313317912345823970e+03,5.350966500621895648e+03,5.380915231301388303e+03,5.399456560456740590e+03,5.408349093763565179e+03,5.412543425576192021e+03,5.415690950927181802e+03,5.421729659199894741e+03,5.423260431723719194e+03,5.417718296196749179e+03,5.419671271470864667e+03,5.418864221605331295e+03,5.421374264070338540e+03,5.447413558039146665e+03,5.493048244630476802e+03,5.546153355071864098e+03,5.594330545969332888e+03,5.636880627786722471e+03
5.209019012237748939e+03,5.221674728249495274e+03,5.244583936697465106e+03,5.282485674087589359e+03,5.323161023672540978e+03,5.360327222844673997e+03,5.390489377882171539e+03,5.411729142187787147e+03,5.425578529720640290e+03,5.432057980111606412e+03,5.435246251621959345e+03,5.440093398480097676e+03,5.437587783842336648e+03,5.431297586135814527e+03,5.425550849325657509e+03,5.419107142933042269e+03,5.414939082210374181e+03,5.439779540137669755e+03,5.481638086903079056e+03,5.531346807134313167e+03,5.576000402947710427e+03,5.626444022965267322e+03
5.217064419098329381e+03,5.238139004453042617e+03,5.257411867216823339e+03,5.296543089287859402e+03,5.333556076824361298e+03,5.365592570514164436e+03,5.400137210847696224e+03,5.428290641232405505e+03,5.446588823190171752e+03,5.454812202626579165e+03,5.456280048624744268e+03,5.453172444824651393e+03,5.445251963864139725e+03,5.436591959144997418e+03,5.424943869833528879e+03,5.414872265539061118e+03,5.405429465525552587e+03,5.424520124964911702e+03,5.464202970791339794e+03,5.510641363554572308e+03,5.555828564756683591e+03,5.615305836481692495e+03
5.218769297365360217e+03,5.241878407898737350e+03,5.271112302812881353e+03,5.309333747715997561e+03,5.342556170260410909e+03,5.376738602049956171e+03,5.414346526327530228e+03,5.449981783547383202e+03,5.471031343682110673e+03,5.479121985046397640e+03,5.478037775127359055e+03,5.470859243295748456e+03,5.457791910396072126e+03,5.443937930424435763e+03,5.432390303220200622e+03,5.415086380546223154e+03,5.399633762485138504e+03,5.410480502351859286e+03,5.445378925892357984e+03,5.490841027257065434e+03,5.540408008070895448e+03,5.609781473252425712e+03
5.212759532890319861e+03,5.239453102491806021e+03,5.271431838880553187e+03,5.316476052714601792e+03,5.357394910375073778e+03,5.396193130893426314e+03,5.438482443470588805e+03,5.473906085757309484e+03,5.495650240429202313e+03,5.503212803856253231e+03,5.502290101985217007e+03,5.493882094778908140e+03,5.480336924886441921e+03,5.467297684132782706e+03,5.452686998917694837e+03,5.432823535238773729e+03,5.409846911832867590e+03,5.410927922973462046e+03,5.434535482976804815e+03,5.485601051551843739e+03,5.540486880180199478e+03,5.608742882228350936e+03
5.196190321999813023e+03,5.222453133021738722e+03,5.271286540509250699e+03,5.331212538570636752e+03,5.386173517455375986e+03,5.430372006849526770e+03,5.465976267146567807e+03,5.500751811829665712e+03,5.520352920325995910e+03,5.528894805714663562e+03,5.530894209894635424e+03,5.523793880528765840e+03,5.513627139315010027e+03,5.507657125380350408e+03,5.497841644243715564e+03,5.471285277214573398e+03,5.447022609048529375e+03,5.437007705575594628e+03,5.457875229485278396e+03,5.506908985640908213e+03,5.562231850663907608e+03,5.615036567226038642e+03
5.164043378730583754e+03,5.218521290433481227e+03,5.287659404309179081e+03,5.354478354945709725e+03,5.418483941489026620e+03,5.458147918626687897e+03,5.487168374143915571e+03,5.516580424917544406e+03,5.541198139066858857e+03,5.555379407179369082e+03,5.557049683884686601e+03,5.556845582591668972e+03,5.557530399108366510e+03,5.560238022658432783e+03,5.554630396358563303e+03,5.526329336519841490e+03,5.496653738996067659e+03,5.484035577802995249e+03,5.503542552441322186e+03,5.553725438225826110e+03,5.610555220174027454e+03,5.662224506890755038e+03
5.141072303041419218e+03,5.211864464324355140e+03,5.305555426897585676e+03,5.382692798302110532e+03,5.437128793703003794e+03,5.472390005892500085e+03,5.495907254694368021e+03,5.525666302307544356e+03,5.554109790418559896e+03,5.577898086940615030e+03,5.590089374660337853e+03,5.596534711759298261e+03,5.608175847099952080e+03,5.614863796627894772e+03,5.612231501804226355e+03,5.587603248102717771e+03,5.557792759914307680e+03,5.550705158834975919e+03,5.568796022589361201e+03,5.617810316708891150e+03,5.667429182086587389e+03,5.716177355209126290e+03
5.141306855710782656e+03,5.221506727320039317e+03,5.325566048522810888e+03,5.397809749559139163e+03,5.445017017636741002e+03,5.477003044143321858e+03,5.500571241186148654e+03,5.531738620215854098e+03,5.568152008106696485e+03,5.596463440680725398e+03,5.618654311088929717e+03,5.637058224945979418e+03,5.647475826472346853e+03,5.657069014574916764e+03,5.653925219143858158e+03,5.640020128728485361e+03,5.625628356655830430e+03,5.624288236418087763e+03,5.652371583338404889e+03,5.689579446141882727e+03,5.732436756583901115e+03,5.774509488986693214e+03
5.175025281536311013e+03,5.259872788014833532e+03,5.351469816765609721e+03,5.416703701496830945e+03,5.454104310970287770e+03,5.483354394579925611e+03,5.515237377478176313e+03,5.548267045828612936e+03,5.583099587645961037e+03,5.616612763336232092e+03,5.639109433967437326e+03,5.662287686801339987e+03,5.672311704447904049e+03,5.688643498966717743e+03,5.695969133135767152e+03,5.689283208763333278e+03,5.688604668264295469e+03,5.698126325634434579e+03,5.719568156089637341e+03,5.752137130024065300e+03,5.788309581694388726e+03,5.823377846413106454e+03
5.220528328739487733e+03,5.302706285708475662e+03,5.379162741260517578e+03,5.432602391495664051e+03,5.469688291854113231e+03,5.502005755958834015e+03,5.540757157167166042e+03,5.572868695797033979e+03,5.600983721275583775e+03,5.634500918656643080e+03,5.657222041635171081e+03,5.680312005827599023e+03,5.695658112814442575e+03,5.713520165440039818e+03,5.729064382989228761e+03,5.737446604979746553e+03,5.748103822270595629e+03,5.755911748359020748e+03,5.772392278685785641e+03,5.797000060841792219e+03,5.826438948130017707e+03,5.854086834342212569e+03
5.262843432343103814e+03,5.340933788920265215e+03,5.404001035754821714e+03,5.450468349650665914e+03,5.484347872866715079e+03,5.528546034530972065e+03,5.569673056426153380e+03,5.597587654460756312e+03,5.623125294847258374e+03,5.649363286708592568e+03,5.675546733323290027e+03,5.701705032731440951e+03,5.713797276496970881e+03,5.733319898720857054e+03,5.754503247701056353e+03,5.775147183819908605e+03,5.789557723937753508e+03,5.800763987583914968e+03,5.808159656373468351e+03,5.824293208316822529e+03,5.847647814633319285e+03,5.869472622237101859e+03
5.294089547760015193e+03,5.367879291949116123e+03,5.429771164091172977e+03,5.466554895661539376e+03,5.516188598032194022e+03,5.560473207165531676e+03,5.592885252928927912e+03,5.619972724760851634e+03,5.646986987528243844e+03,5.673200273266966178e+03,5.697748142042491963e+03,5.720209371696168091e+03,5.736021740914453403e+03,5.756787756639054351e+03,5.780042803947137145e+03,5.798558731566985443e+03,5.813738158808760090e+03,5.827459265730811239e+03,5.832089211912834799e+03,5.841539748417397277e+03,5.852859552132768840e+03,5.870143198771335847e+03
5.315105136193345970e+03,5.392804400394876211e+03,5.429594679277804062e+03,5.497807738926157981e+03,5.548731303489641505e+03,5.586687056242976723e+03,5.617823050976948252e+03,5.642985563789871776e+03,5.668986750834936174e+03,5.694314924933272778e+03,5.717947741998475976e+03,5.737370674596751087e+03,5.759046304843875987e+03,5.776809443606688546e+03,5.797839212489564488e+03,5.818427087414284870e+03,5.832388561775589551e+03,5.843015054107821925e+03,5.847223033421914806e+03,5.847462730917065528e+03,5.855440129422731843e+03,5.865387641305664147e+03
5.321076121118929223e+03,5.403970615345658189e+03,5.453222194636622589e+03,5.523215483543994196e+03,5.576627881573895138e+03,5.610457061942189284e+03,5.640765090928042810e+03,5.666325634880085090e+03,5.689597420489278193e+03,5.710036556538722834e+03,5.732073212145664002e+03,5.751804838941809976e+03,5.776866170671275540e+03,5.793618736400229864e+03,5.812444475235336540e+03,5.831853253532553936e+03,5.846270827977555200e+03,5.856799195334566321e+03,5.860386169778083058e+03,5.859524358320222746e+03,5.857606876587339684e+03,5.857732888355847535e+03
5.331994553968727814e+03,5.410778060914303751e+03,5.481102817603819858e+03,5.540464268025005367e+03,5.592716993857234229e+03,5.629557979053050985e+03,5.660134031541176228e+03,5.685058296107557908e+03,5.705680811721002101e+03,5.724699517932068375e+03,5.744662691831837947e+03,5.762083581113345645e+03,5.785704602622070524e+03,5.807205263877507605e+03,5.824001636840168430e+03,5.840205689340726167e+03,5.853190216344895816e+03,5.865493606507233380e+03,5.872733843030169737e+03,5.872067601555000692e+03,5.862102349797559327e+03,5.861530951242573792e+03
5.347270496315016317e+03,5.433681012021478637e+03,5.501082937036612748e+03,5.560204186163650775e+03,5.606338789199809980e+03,5.638904659124982572e+03,5.670902184982961444e+03,5.696705090462249245e+03,5.717486637828673338e+03,5.736014395657640307e+03,5.755754884011204922e+03,5.772834348510165000e+03,5.792371031371115350e+03,5.812257064963309858e+03,5.829369432979759040e+03,5.842740926387749823e+03,5.856260655149067134e+03,5.867435761113198168e+03,5.876487559725326719e+03,5.871411388501036527e+03,5.869373324742984551e+03,5.864833785018800882e+03
5.372901926771305625e+03,5.458792324959618782e+03,5.521070081385021695e+03,5.571274207926445342e+03,5.611929783211099675e+03,5.641859594135118641e+03,5.670773595130647664e+03,5.698169062313713766e+03,5.722841336230785600e+03,5.745661071103437280e+03,5.764048383629683485e+03,5.781672073387230739e+03,5.800062196477784710e+03,5.816517728819461809e+03,5.831515516559813477e+03,5.843726858157906463e+03,5.856333610303484420e+03,5.869038435790334006e+03,5.876939048976068079e+03,5.875810359454012541e+03,5.875133708201728041e+03,5.875600640296159327e+03
5.411507205796817289e+03,5.477116461555870046e+03,5.531867045347094972e+03,5.576071785122705478e+03,5.607466052151617987e+03,5.636855786688119224e+03,5.663462467732192636e+03,5.694552877200435432e+03,5.722390233137016367e+03,5.751577742356111230e+03,5.771905093871682766e+03,5.789674651322462523e+03,5.805402195828151889e+03,5.818907542289402954e+03,5.832560440861481766e+03,5.847211478325788448e+03,5.860293886935995943e+03,5.870625431330158790e+03,5.879084548609861486e+03,5.880834595346106653e+03,5.879382272942889358e+03,5.875957084933111219e+03
5.441286233866798284e+03,5.494680143426424365e+03,5.541447099280772818e+03,5.580953738540351878e+03,5.601663727076333998e+03,5.631402805141354293e+03,5.657414233707615494e+03,5.689321885923502123e+03,5.720518909442573204e+03,5.753006540299170410e+03,5.776409541923846518e+03,5.793201782822919085e+03,5.806104200538933583e+03,5.823785405367709245e+03,5.837749286792948624e+03,5.855195160022385608e+03,5.867637840553034039e+03,5.876542981035785488e+03,5.881274539159025153e+03,5.881666292986852568e+03,5.879132732680274785e+03,5.875945823093888976e+03
5.469318808993419225e+03,5.507751651698366913e+03,5.546450709684116191e+03,5.580314746966547318e+03,5.587044324447019790e+03,5.612455873813598373e+03,5.634182175143135282e+03,5.663448556260900659e+03,5.704489177503136489e+03,5.737835086373370359e+03,5.766395887815524475e+03,5.794912788839768837e+03,5.815385734161805885e+03,5.828867936024818846e+03,5.848800325610961409e+03,5.864940554335400520e+03,5.877556180348230555e+03,5.883852541569876848e+03,5.885950811843934389e+03,5.884920211392265628e+03,5.881742342741756147e+03,5.878080451890077711e+03
