1.008377838539672666e+01,9.835987543317969539e+00,2.382501432412936992e+01,3.090913898129292647e+01,2.835560985715255811e+01,4.066333999299877178e+01,4.125200399035475129e+01,3.760743129727416090e+01,3.286406717754107376e+01,2.588625033748485293e+01,1.782931728916355496e+01,1.923466889602150331e+01,2.896183646955705626e+01,3.597924348518699844e+01,5.007051939763277915e+01,5.469589102187364915e+01,6.538657356571548007e+01,5.162560226422738197e+01,4.492061068566454196e+01,3.630980505127627112e+01,2.772583316228246986e+01,2.417035680218759808e+01
-6.859291519331236486e+00,-7.763703161119337892e+00,-1.300878970483154262e+01,3.773921472484289552e+00,1.632595079959173745e+01,1.066146215363642114e+01,1.837618160909005383e+01,3.551314782847111928e+01,3.074494211801993515e+01,2.177480102070057910e+01,1.808200701189980464e+01,1.965498532989749947e+01,2.999544893535767187e+01,3.751258539490572730e+01,5.258574456682526943e+01,5.301535999723455461e+01,5.848087442988253315e+01,5.473976636807583418e+01,4.775540176655249525e+01,3.305894741075553611e+01,3.115078567272576038e+01,2.710679243512822723e+01
-2.892071248239881243e+01,-2.976344868499836593e+01,-2.143738957816185575e+01,-2.386548736936492787e+01,-1.790996889688176452e+01,-4.421834663889967487e+00,5.538894576082384447e+00,1.522315915322087676e+01,2.643804973200622044e+01,2.051124806607276696e+01,1.691702728840755299e+01,1.852272410696878069e+01,2.867806571740675281e+01,2.805640992050302884e+01,2.935507340401454712e+01,3.864145214243944793e+01,4.496098142292794364e+01,5.368694435402267118e+01,3.341528532322172396e+01,3.402406347595751868e+01,3.199071332708172122e+01,2.777471557985518302e+01
-2.884498532948236971e+01,-2.977516822961115395e+01,-2.929877764249977190e+01,-2.486594204339507996e+01,-1.891711934977865894e+01,-5.178976557501300704e+00,-4.723456369026280299e+00,-1.621043297123924276e+01,-2.093099274258747755e+00,-4.116184893728132010e+00,-7.066923997555022652e+00,-8.109881949366354092e+00,9.844508624437366962e-01,-9.254454146459465846e+00,4.048111833767507051e+00,2.097333871697446739e+01,2.772267172350893816e+01,-1.879483643272578774e+00,3.144970350463518116e+01,3.193855086911298713e+01,2.994717617725655145e+01,2.592542326637885708e+01
-2.938439580560316244e+01,-2.884966842330049985e+01,-3.032796497373055900e+01,-2.946816084776401112e+01,-1.418038136501854751e+01,-1.713410552451932745e+00,-1.264059560739951849e+00,-8.835275133885261312e+00,-1.587219239644127811e+01,-2.301967181249256100e+01,-2.583025515932604321e+01,-2.745633427819757344e+01,-2.755672071363642317e+01,-2.827106145167635987e+01,-7.747414320777352259e+00,-2.803165559575063526e+00,-1.985588582517539180e+01,-2.181850805670546833e+01,-2.952855815578914189e+00,2.724498652009606303e+01,2.545424163198731549e+01,2.195207048152133211e+01
-2.885245785021470510e+01,-2.809616310284582141e+01,-2.945242058857274969e+01,-2.853693926613959775e+01,-9.909586283200042089e+00,1.738262159512487415e+00,2.153858712736109737e+00,-7.131642927601205884e+00,-1.852161478774723946e+01,-1.953729310188919044e+01,-1.903718391379516106e+01,-2.722629437399154995e+01,-2.845786146443606413e+01,-2.927241243705520901e+01,-2.548318412219668971e+01,-1.429137757049284119e+01,-3.638617435718333581e+01,-3.863771482508582267e+01,-1.297185080606777774e+01,6.131650612892372010e+00,1.952899269294630358e+01,2.764220704850686161e+01
-3.800718477080681623e+01,-2.568020073062780284e+01,-2.684344911759762908e+01,-1.906879566407860693e+01,-1.107437915003811213e+01,-2.807743246179597918e+00,1.959624921377326245e+00,-7.658074136252253084e-01,-1.356151281311940693e+01,-1.425795144362837163e+01,-1.384603724186945328e+01,-1.943937845285381627e+01,-1.598263300509461260e+01,-1.457445675745202607e+01,-1.454203182725814258e+01,-1.340166205512923625e+01,-3.869134901823053951e+01,-4.113331353723333450e+01,-4.041037490244616492e+01,2.925548467225326021e+01,2.932693938204101869e+01,2.715916047215159779e+01
-2.980105188982452091e+01,-2.972450753078192065e+01,-2.482652341961147613e+01,-1.880507058619969030e+01,-1.132913937394096138e+01,-7.149257378969195997e-01,-1.331886075257898483e+00,-4.075787576283801172e+00,-9.174175594233020092e+00,-9.035204309419896163e+00,-8.199449446105973038e+00,-7.259572321526320593e+00,-4.513590031111561984e+00,-3.608052196714197635e+00,-7.521001045502089255e+00,-1.002602277343157766e+01,-3.360802212853923265e+01,-4.062057882690714905e+01,-1.784244857192152267e+01,3.150935416840093239e+01,3.158625451719944977e+01,2.925141751093542553e+01
-3.018965443304568907e+01,-2.955588655720930547e+01,-2.304369388191662438e+01,-1.996327697650485788e+01,-1.707817444865759171e+01,-3.499071415790240280e+00,-2.909728686368907802e+00,-9.808069905768206809e+00,-1.052937016196756304e+01,-1.042410363921044336e+01,-9.515035219080345996e+00,-6.953788598919345532e+00,-5.403563900564222422e+00,-4.521403161475973320e+00,-1.281743463903148950e+01,-1.518270208618832839e+01,-3.017748287059202994e+01,-5.201974174455881439e+01,-8.773328952434894745e+00,3.135179987979336147e+01,3.142825652174906281e+01,2.910504394018880703e+01
-2.168957941187363758e+01,-1.698842173513367015e+01,-8.932811156838397437e+00,-8.786567849302628019e+00,-8.103477303244289942e+00,-5.946581473773221660e+00,-9.887663457931921585e+00,-1.092247689153919055e+01,-8.541194670538970968e+00,-8.123143426468232065e+00,-1.331287113660982868e+01,-1.012833070234955812e+01,-9.073701515965694853e+00,-2.090763388624600339e+01,-2.667616910576816736e+01,-2.364055801646100008e+01,-4.152939106230223842e+01,-5.628005256445885607e+01,-4.294101467132168182e+01,5.353238054913163069e+00,5.694356330745904415e+00,5.574147449796328146e+00
-2.080868103925331525e+01,-1.599351269104045059e+01,-9.986636942535369599e+00,-9.769344015968272288e+00,-8.954145540074023302e+00,-7.702376758135869750e+00,-9.376150181209595758e+00,-1.029207384356413968e+01,-4.312129280786393792e+00,-3.761416104687668849e+00,-1.274306601874923217e+01,-1.326127854884816770e+01,-1.274928767869641888e+01,-3.406169753327685612e+01,-3.514445937437631073e+01,-3.349948625627712318e+01,-5.350613385096676211e+01,-6.655626246627434739e+01,-4.207157962713881716e+01,-2.504922805421210796e+01,-9.113638390859705396e+00,-8.090844542251033999e+00
-1.826301379558390181e+01,-1.369797704222764878e+01,-1.033504013043966552e+01,-1.005786549861386447e+01,-9.164137849717008066e+00,-6.678499264846323058e+00,-1.073567319047288038e+01,-2.699860597800579853e+00,1.881274201528867707e+00,3.014929272198060062e+00,-5.174240661655858275e+00,-1.320574936992034054e+01,-1.269594526070977736e+01,-1.734337073655478889e+01,-2.799325980492449162e+01,-3.256976019464400451e+01,-8.175297336911989987e+01,-8.141728522591802175e+01,-3.799624473610856512e+01,-3.233462494282230182e+01,-2.868950715324990597e+01,-2.330585506759962300e+01
-1.462314011293165095e+01,-1.061647102393089881e+01,-9.899481283355271444e+00,-9.587108671696114470e+00,-5.207484085673058871e+00,-5.326390978407289367e+00,-8.239448502254163031e+00,-7.288430465557212301e+00,4.025922129068021604e+00,5.325520330819017545e+00,6.271663300071850244e+00,-2.395681339755356021e+00,-6.994788230750600633e+00,-1.075493189514872938e+01,-1.283228317378416250e+01,-3.381334524608701031e+01,-6.956143161703857913e+01,-8.874614597564959695e+01,-7.537083248848102812e+01,-4.563923877340766921e+01,-3.605929866292080987e+01,2.537737074870165088e+00
-6.359979064913113689e+01,-5.231889002907337272e+01,-7.824073733656405238e+00,-6.589323741613043239e+00,-2.318487449765598285e-01,-4.152786372605987708e+00,-8.388690176908312424e+00,-1.201901291462490917e+01,-4.935022675200343656e+00,9.207923585652679321e+00,9.001960150674676697e+00,-2.370906125737747061e+00,-8.456999815378367202e+00,-3.364912633320273017e+00,-2.177913453599103377e+00,-2.445421787318446150e+01,-6.050208359143925918e+01,-8.731693509424894728e+01,-7.396702561019355926e+01,-4.217120013785824995e+01,2.613606998545947135e+00,2.657690008491044864e+00
-8.478524944579203293e+01,-7.224203380198377999e+01,-6.097558217119512847e+00,-4.976219571682122478e+00,4.696535519760800526e-01,-3.485965195661265170e+00,-7.817823916626366554e+00,-1.158421903371709050e+01,-2.797663811922575405e+00,1.022497398354516918e+01,3.292139019112255482e+00,-4.624752947205706732e+00,-1.783686049185234879e+00,2.851944556686157739e+01,2.765882929587860417e+01,-1.739633253897955001e+01,-3.303236424997521681e+01,-3.175775487499686278e+01,-3.938492014469193236e+01,-2.844144591624535678e+01,2.513873401403543539e+00,2.559513022995815845e+00
-1.056552276392867498e+02,-8.072865605755123397e+01,-5.636872445682638499e+01,-3.988693296016208478e+00,-3.618416084330419835e+00,-2.561901274132651452e+00,-6.655246845669353206e+00,-1.026606353541046701e+01,2.257072064912790665e-02,-1.236468328413138806e+00,1.051737094319923926e+01,-4.019601040593443031e+00,4.263712842029235617e+00,2.925021661902064807e+01,2.836728583617332333e+01,-3.262695384329526860e+01,-3.395304105256127514e+01,-2.527976596365624573e+01,-1.714145179606566671e+01,-8.143118875350410235e+00,2.221533981171887717e+00,2.265186661896223086e+00
-8.460593765232715668e+01,-6.638798216531267826e+01,-5.057421701843577466e+01,-5.142737556177053193e+00,-4.776164985812101804e+00,-4.053513847883550625e+00,-5.160276508720926358e+00,-2.482283647143140115e+01,-1.925951021616856451e+01,-1.505383476490624162e+01,8.420229522314002679e+00,9.428731264731140982e+00,9.686485315450227063e+00,1.714290065047134703e+01,1.405646082253952045e+01,-1.169006047129732906e+01,-3.223536879931089061e+01,-7.119482719954248751e-01,-4.738278260799233976e+00,2.037671923018478992e+01,5.715112876060356939e+01,5.968136868284818775e+01
-5.332782666164257535e+01,3.740481898235884728e+00,-6.959372073433769401e-01,-4.968043409736310423e+00,-5.594562656881862495e+00,-1.606967530828205781e+01,-2.758255030328746216e+01,-3.056819336024273071e+01,-3.141884375395056850e+01,-1.986161237359374354e+01,1.011963450379971619e+01,1.120213065141433617e+01,9.288091935429292789e+00,7.753966174659581156e+00,1.398934466369064467e+01,2.312621966301230714e+01,2.250087075018018368e+01,2.295043962703221041e+01,2.291212373912003386e+01,2.765843019705334882e+01,5.586579195210561011e+01,5.833951043713932449e+01
-1.850015262394663296e+01,5.712154537609421823e+00,1.165090698713356687e+00,-3.336309931437426712e+00,-1.286878012671877514e+01,-1.917855511225934606e+01,-3.236906523492234555e+01,-3.098670200796550489e+01,-1.759580528019705525e+01,-1.779126169915707578e+01,7.017548290053127857e+00,6.838468072084651794e+00,6.124573638944639242e+00,7.271943997388916614e+00,1.258086043269941001e+01,2.328541226468860259e+01,2.265565165937459824e+01,2.140993092943699594e+01,2.346721364501081553e+01,2.787437095358291117e+01,4.396962005644581950e+01,5.267673194863345998e+01
-1.296245551393349160e+01,7.226036517600732623e+00,2.912352958667725034e+00,-1.647299641530935332e+01,-1.917921385388035560e+01,-2.968123542919329338e+01,-3.039014599696474761e+01,-2.293805487480130978e+01,-1.207326093488973129e+01,1.838879650868875615e+00,9.276127638881007442e+00,8.425780393118657230e+00,7.827092840322620759e+00,9.148409098263982742e+00,8.336866429413021251e+00,2.219055374118306645e+01,3.317290225614033261e+01,3.423636219146737858e+01,3.056267629526519158e+01,2.913309917033348029e+01,3.586953954488217278e+01,3.973078640063795319e+01
-3.095786522194157442e+01,-2.724861062499712716e+01,-8.499021796546912810e+00,-2.145033410026007914e+01,-2.435522249295809161e+01,-3.032300184493306006e+01,-2.023361338922768482e+01,-2.042021319437117199e+01,-5.648531919984634442e+00,4.407219278072261659e+00,9.486942490269029804e+00,1.303777852289749717e+01,1.244571743356300431e+01,1.033339423116376565e+01,9.513510669502466044e+00,2.698238322208817408e+01,3.501277298503464408e+01,3.388880141736808582e+01,3.076352006535853434e+01,2.924392708414325170e+01,2.571591299468309444e+01,2.091929391181747633e+01
-5.394503901242205757e+01,-5.719102118123919354e+01,-3.811436082069667464e+01,-2.550468101037949964e+01,-2.452200248210101563e+01,-1.207212588825677813e+01,4.679416148017480737e+00,-5.125128249576846429e+00,6.580965051388375286e+00,6.719208719922789896e+00,1.141375628338937531e+01,1.106242203319834516e+01,1.214130548415323574e+01,1.109718502149462438e+01,9.301524658724702022e+00,9.296559916696423898e+00,3.202912479614315089e+01,3.096870882060738950e+01,2.761168429568442662e+01,2.727070535272832785e+01,2.391633458054184302e+01,1.940194598867765308e+01
-6.802709263538963569e+01,-5.159938398802842130e+01,-3.156038887470822374e+01,-1.264122786667940090e+01,-1.928296882685754099e+01,2.117780223016779928e+00,1.461503402208563784e+01,4.692400547812212608e+00,6.158485527939774329e+00,6.288586868349739234e+00,5.428516549166488403e+00,8.712430055607910617e+00,1.093862161403922073e+01,7.481120965483569307e+00,8.141658873598316859e+00,8.176195378745433118e+00,1.723164646811073908e+01,2.742783333417628455e+01,2.712963230798050063e+01,2.482774621879616461e+01,2.066044219488867384e+01,1.671677753326002858e+01
-5.800836576287565549e+01,-4.142317484994055121e+01,-1.578339644535844855e+01,-1.215158086641622504e+01,1.856512984240907826e-01,9.050944165252076345e+00,1.925678561549830192e+01,1.716139106594528130e+01,1.792358384721319453e+01,1.612096557905169902e+01,7.015218348937196424e+00,1.019703588701941044e+01,1.246658937396568945e+01,7.871580721252030344e+00,6.392831845401815372e+00,1.508367377880404092e+01,1.920106345377462276e+01,1.736310885565035278e+01,1.403590133092802716e+01,1.894833366148850473e+01,1.630392046092219971e+01,1.310247319053451065e+01
-9.406857763032712683e+01,-1.022438758647513168e+01,-8.719137745547413942e+00,-2.158249235877519823e+00,-2.151564759616121592e+00,1.102930655259660853e+01,1.308207516732636577e+01,1.225587166178866028e+01,1.460423131034804101e+01,1.516142690536526061e+01,7.806106868626557116e+00,1.667839051161354291e+01,1.147843684462259262e+01,8.119117275872667960e+00,6.007508312936806760e+00,-2.642469474922108930e-01,1.039533652146837994e+01,1.420353447717843665e+01,1.108162428804371302e+01,5.085664781970081094e+00,3.177369956581060251e+00,2.587634703945695946e+00
-5.333356596767225710e+01,2.716570696211420000e-01,-1.776339994708905579e+00,-1.423838701575732557e-01,1.649657966569066048e+00,6.938754417633390403e+00,9.225579642023149063e+00,1.198762237091614224e+01,1.179427885181939928e+01,1.431510385857382062e+01,1.743204133694598568e+01,1.879523539793353848e+01,1.478850278899335535e+01,7.987365253475218196e+00,-4.198239457673480501e-01,-1.149642481244882219e+00,1.698417006541603769e+00,6.064393200318590971e+00,6.165589579109109764e+00,4.601145109532808419e+00,4.078474721495695121e+00,3.330984235027244722e+00
-3.187021610104693536e+01,-3.459713428155737347e-01,4.924044530962419230e-01,2.509944637849002902e+00,3.971288850668315717e+00,5.284492452965423581e+00,7.425695838073806954e+00,1.083348468987696833e+01,1.067003267567633884e+01,1.435448582815752161e+01,1.734387858836362284e+01,1.829002370100170083e+01,1.510793385931719968e+01,1.093379769398779899e+01,-1.183567546500853496e+00,-1.896071367453259882e+00,3.032491933537130535e+00,1.079516273637364066e+01,5.633617260293249274e+00,5.429827566827043483e+00,4.824245734714168066e+00,3.950232097000480280e+00
-9.231842106227304612e+00,-9.254294277770895860e-01,-1.246061145802741521e-01,6.183691560418083100e-01,3.362387199258591863e+00,4.363177194587478880e+00,5.414517412842542399e+00,6.707938658559214673e+00,9.965830340128377429e+00,1.325936655898567551e+01,1.590932813815652480e+01,1.696554164700046385e+01,1.418565321866481099e+01,1.046984657773373328e+01,-1.702551414738991298e+00,1.258784759665741149e+01,1.429340236795815144e+01,1.499433929400947818e+01,6.117295088477476384e+00,5.907438256736895710e+00,5.259737854407831037e+00,4.316894158984723617e+00
