1.776516611997775552e+00
4.729253008272229053e+00
1.588374434116179756e+01
2.380707886639788740e+02
2.776648136906946363e+01
5.065517096545875120e+02
5.634441230152347998e+03
3.048306196202636329e+03
5.415314493751073314e+03
8.876459392268301052e-01
4.303142980212804105e+03
1.671318229401772548e-01
3.500612997778852878e+04
3.839741676714248797e+01
6.377606847092458509e-01
1.972048750476206123e+03
1.139442037961274218e+04
3.597072690906228587e+01
2.812273956736971314e+01
1.794686530235839461e+00
1.431103840330251478e+04
2.866600992296808954e+02
1.659192680549952684e+03
2.668943963949547182e+01
1.518760895067873378e+02
2.460155287092814780e-02
2.084963266019224466e+04
1.352494735016444904e+00
2.470880179962166949e+04
3.773824145895189730e+01
1.694180606891633634e+00
6.558147323736488943e+02
5.282457348825396366e+03
6.468338979526308776e+02
2.573935694853304668e+01
6.221537016305497048e+01
2.273457150882532733e+04
3.457770044359977923e-01
4.222817314657531185e+00
8.212648393231455346e-01
9.121701532280394042e-01
1.691408096238370490e+03
3.298923275553841086e+04
4.280727471258888528e+01
2.813468200002908315e+00
8.905286198578448165e-01
5.470911558577726100e+04
9.952456034608325904e-04
5.969655920773322855e+00
1.507682527262355279e+03
6.310532859164333104e+02
1.894808231623607639e+02
9.769124598177770791e-01
7.995704435865907955e-01
2.716400777839453440e+02
1.146126404471540239e+00
1.467649640881989725e+01
1.058117791475903680e+00
1.458149816213022518e+02
8.876731255166749435e+00
1.684131254091358869e+03
3.376570535704866316e+00
8.337205469059090035e+01
3.486144362648588846e-01
1.338009764651227229e+01
7.265477277267931910e+00
7.646040469799082473e+00
1.686179225577812701e+02
6.477019801705819368e+00
1.323408374186740133e+01
2.583743537662184053e+01
8.123606002463926501e+00
2.945023298185725125e+01
4.203657681981480465e+01
1.390124064878562571e+01
1.262685963995479632e+01
9.121489009535304504e+00
3.847852466482138301e+00
7.686438757102766195e-02
1.008099831829827338e+02
5.405119925579263906e+00
7.552341265772480661e+00
3.427291992310473233e+03
6.905083990964764951e+01
6.442877864382460018e+01
8.639939867494236481e+00
6.224611987346843733e+01
2.328415984213609136e+01
4.437251634281914448e+04
9.866880161434362435e+02
1.324107455637314672e+02
1.462268462122522372e+01
7.270310980090260777e+00
2.072988573640245491e+01
2.198810808943632082e+02
1.090358217778388763e+02
8.366877129605031563e-03
4.753903565586424518e-02
2.139398051323579784e+04
1.420663101211787183e+00
1.511634221651149528e+04
1.424313906360105975e+01
6.673798041273394155e+00
4.145258911429126947e+00
2.805255332924102518e+01
1.682143820748345320e+01
2.696965734474007781e-01
1.724009896916248863e+02
1.189109297148512923e+01
3.706596860078898548e+00
6.561943993564815614e+00
8.495483372391927901e+01
2.521283836002521038e-04
4.371108418051112920e+01
2.028222250872757115e+01
7.890749466446164817e+00
1.434416929223047354e+01
2.927693597574426576e+02
1.360097279249807123e+01
4.303343633275280133e+00
9.494206382029268809e+00
1.254684384504147943e+01
4.690940696307414726e+00
3.092452736514733402e+00
4.388335414387353921e+03
4.965881359029156172e+00
5.152582976682418092e+01
1.361373825232945762e+02
