-8.275345498213937390e-01,5.530400228118196537e+00,1.247052864043052978e+01,2.026051610856848129e+01,2.609477036989301268e+01,3.319616193209276389e+01,3.729775271296330175e+01,3.905147798213874921e+01,3.786149228194062744e+01,2.703354493943697889e+01,2.474733870156705962e+01,2.627821950178258703e+01,3.171003905486668373e+01,5.281830947965863743e+01,6.179525069375176827e+01,6.636718153530546260e+01,6.601752301687611180e+01,6.560991427237331663e+01,6.035928726584461401e+01,6.211333553479744296e+01,5.501852015855365607e+01,4.641289971421974769e+01
-1.054037698102274589e+01,-1.039765564468052617e+01,-5.495472752500063507e-01,3.059554391067649703e+00,8.058276089697756106e+00,1.546999677450003219e+01,2.104067573454540252e+01,2.426039477840004110e+01,2.688770846913939749e+01,2.362103825712711114e+01,2.095637407388039719e+01,2.621233533931172133e+01,2.962861772357791779e+01,4.342725054654420092e+01,5.199165207215446571e+01,5.689084809536780085e+01,5.880514726374622114e+01,6.103118272308347514e+01,6.237342020623782446e+01,6.043191564271910465e+01,5.612979264290697756e+01,4.951565278821362881e+01
-1.416131432691599912e+01,-2.305446914930780622e+01,-1.827673575112203253e+01,-1.427619582079023530e+01,-1.060055411124085367e+01,-3.408200485153429327e+00,3.231285352045233594e+00,6.837314865460029978e+00,8.943280554712146113e+00,1.071522395112788217e+01,9.539399073622007563e+00,1.115159331049835600e+01,1.676274747957631917e+01,2.821986220330018114e+01,3.478546100355288218e+01,3.844847956582452753e+01,4.249617710449365404e+01,4.481864166035938979e+01,4.839916625912974268e+01,5.074792104643074708e+01,5.073684651451367245e+01,4.764920178892862168e+01
-3.103187693018844584e+01,-3.107074521540289425e+01,-3.028481915635893529e+01,-2.501875776793076511e+01,-1.744631713564012898e+01,-9.560341448241160833e+00,-4.867751248939384823e-01,-3.726177248047861212e+00,-7.743552291357445938e+00,-3.766700090664016898e+00,-7.265427508059474349e+00,-6.831409340186837653e+00,-1.143980708483468334e+00,5.755697081923244696e+00,1.442340252344092733e+01,1.441629313516932598e+01,1.647746749930502119e+01,1.997049313108072965e+01,2.706536447152393521e+01,3.419375644254250801e+01,4.583253050079383684e+01,5.328446518427790579e+01
-1.533032193116468989e+01,-3.261556580722390208e+01,-3.017543247903995507e+01,-2.426348284185860393e+01,-1.583473802393200458e+01,-6.652886964292520133e+00,-3.866725584121923021e+00,-7.867566265019377170e+00,-8.881213330158971075e+00,-1.581176035223779763e+01,-2.062412600078914693e+01,-2.232876472502903198e+01,-2.271794663410946669e+01,-1.835551235239290691e+01,-8.756715508515299007e+00,-1.343367170989404258e+01,-1.429686647520429688e+01,-9.674351398440194316e+00,1.342321169722708873e-01,1.803225505818591046e+01,4.181181793202813424e+01,2.636070732650205173e+01
-3.721087660183820844e+01,-3.206278083243705623e+01,-2.844046727563727472e+01,-2.209011498035943077e+01,-1.334172122007203143e+01,-4.021371985414589290e+00,-9.306904691484305658e-01,-7.000394322037209349e+00,-1.289794836086366558e+01,-1.821991529929437093e+01,-2.242219410053621687e+01,-2.557687628784879053e+01,-2.535894471494066238e+01,-2.118586437341036799e+01,-1.223497255548772955e+01,-2.167697831702662370e+01,-3.283948142901317624e+01,-3.251827325155318249e+01,-1.551195269175605063e+01,2.471503211132585420e+00,3.026235409886430716e+01,2.712954610061024141e+01
-3.748813791936481721e+01,-2.938913419043183239e+01,-2.566573145333495631e+01,-1.975859418853269744e+01,-1.159121280224189832e+01,-2.849951681879247189e+00,1.313669366386420734e+00,-4.405255910782216233e+00,-9.792809943279280560e+00,-1.476128743507160834e+01,-1.689178262686982634e+01,-1.867916482044074655e+01,-1.893747305364013300e+01,-1.718634887069492834e+01,-1.774521014384208684e+01,-2.687539576704421052e+01,-3.405331196541283134e+01,-4.169261182848549652e+01,-1.929708282965566468e+01,1.541534574478646391e+01,4.087075394922067062e+01,5.753151559477737464e+01
-3.643828679691887373e+01,-2.703290580401881016e+01,-2.512012391957887303e+01,-1.769596564329185640e+01,-1.063554066500637418e+01,-6.004649695094485651e+00,-2.620888161324728571e+00,-3.547097969481001201e+00,-7.893343813618230342e+00,-1.183655722826642887e+01,-1.060584309874593600e+01,-6.685089931896982307e+00,-1.131033947869309486e+01,-1.046276671768191591e+01,-1.380437917702329287e+01,-2.439659760596350679e+01,-3.172969352422751399e+01,-3.979681421053919621e+01,-1.542969696298405324e+01,1.414313550583028700e+01,4.121495462459279224e+01,5.934217566916959186e+01
-3.264890290818493668e+01,-2.767624541081386269e+01,-2.458265235803810356e+01,-1.893957030666933861e+01,-1.296923076732309710e+01,-7.806996835057361750e+00,-5.903719942387397168e+00,-7.906789401225978509e+00,-8.788211315084481612e+00,-9.740129180314397672e+00,-1.017961575699155219e+01,-8.655071346439399349e+00,-6.402841041491228680e+00,-1.157063304743860499e+01,-1.511723009562501829e+01,-1.525370751296395611e+01,-3.762495581139501155e+01,-4.259260660880954674e+01,-2.490649056973325060e+01,6.828023305840360990e+00,3.248272900819119968e+01,5.017727557510534098e+01
-2.684494086501399579e+01,-2.420538034563469409e+01,-2.074025323025580292e+01,-1.695147852625268570e+01,-1.217535792752823909e+01,-6.534169488016232208e+00,-8.253797896648393362e+00,-1.034308404400871950e+01,-9.279405189803583198e+00,-9.110431017110386165e+00,-1.223143475748202036e+01,-1.091289494289412687e+01,-1.378627720961048908e+01,-2.123163028715134715e+01,-2.686242240640513046e+01,-3.393289837285101385e+01,-4.255709020835456613e+01,-5.005978470434638439e+01,-2.758266108289353724e+01,-6.543499948931639665e+00,1.293410471403421980e+01,2.698429027039856010e+01
-2.024382114298168744e+01,-1.933893937966058729e+01,-1.578600898339300329e+01,-1.230192056254509225e+01,-1.021029966934565891e+01,-8.118711943860944302e+00,-8.958556930248050776e+00,-6.701077525787695777e+00,-1.148071597419402678e+00,-5.474404938289808342e+00,-1.039664788529989892e+01,-1.110699456736165303e+01,-2.209903556018252857e+01,-2.995622637384440168e+01,-3.080650202367996826e+01,-2.926471719130313431e+01,-5.198016971940069197e+01,-6.127240519276347186e+01,-4.798773471666299884e+01,-2.315445273272234772e+01,-3.386039088980396627e+00,-8.467987733632071468e+00
-2.695840508388482704e+01,-1.640825356367076893e+01,-1.032550559351238917e+01,-7.872719595814487548e+00,-8.135612416409458092e+00,-8.615871273083939741e+00,-7.216419122873048764e+00,-7.010865524522159831e+00,-5.296952325632446446e+00,1.665116264056450746e+00,-4.024200950058002491e+00,-8.835009201224238495e+00,-1.440741664093457075e+01,-2.091720177167462680e+01,-2.720200184643999819e+01,-2.364687103668074997e+01,-7.603466484401815251e+01,-7.908510612463032885e+01,-6.155648566828949697e+01,-3.955212006575493433e+01,-1.704878835608451482e+01,1.327825502522500756e+00
-4.819698949060330051e+01,-3.047157644342314597e+01,-7.250100925778497185e+00,-6.681702012080677378e+00,-6.730491768145839160e+00,-7.916957398235354049e+00,-8.057909729018319922e+00,-7.086377407674262940e+00,-4.801039553087321110e+00,6.767135798192612128e+00,2.108088595070512383e+00,-1.433124770911490486e+00,-6.806713088159085601e+00,-9.000540918407750723e+00,-1.192455234713452228e+01,-4.363122160451803211e+01,-6.410285802264752419e+01,-7.965526180812776147e+01,-7.143222058206083602e+01,-4.573323222608905780e+01,-2.073233438295847009e+01,5.755509346126927994e-01
-6.607091411770670675e+01,-4.993513860357779777e+01,-3.253178579647737934e+01,-3.973056148201067117e+00,-4.452868107728136238e+00,-6.303229542110784678e+00,-1.108470890419175703e+01,-9.203909279394792975e+00,-4.026656342884962214e+00,4.335137319244495302e+00,3.949901711480379163e+00,-1.302678026419016533e+00,-8.196333055369905196e+00,-1.274832689796312479e-02,4.061194208946290019e+00,-2.438310416360764066e+01,-6.050213696356877335e+01,-7.587446178183290613e+01,-6.998360840532131988e+01,-4.691175771919188264e+01,-1.878961914052888460e+01,-1.075745210407330887e+01
-9.439220269621819170e+01,-6.554310303531656245e+01,-4.436112165105987515e+01,-2.977970380769875192e+00,-3.014115162078269350e+00,-4.181530471962105366e+00,-9.677687654037072207e+00,-6.916875300436004181e+00,-5.506962287619899143e+00,4.319118026126488985e+00,4.616037687985226512e+00,1.962722081607353175e-01,-1.742823202585896070e+00,8.000063981087805587e+00,1.143688005134663399e+01,-1.215124954528164380e+01,-4.746528959474289877e+01,-5.775364096889006760e+01,-4.845544897825038788e+01,-2.509746736283977953e+01,-4.334651618244606652e+00,9.731584776826821326e+00
-9.282862660586943093e+01,-7.909230693406061619e+01,-6.289436645498062717e+01,-2.708848871822556248e+01,-2.886207203426238266e+00,-7.117913500672329974e+00,-1.572325169327541516e+01,-1.680425073664355295e+01,-1.481070247922525596e+01,-1.422437515983801859e+00,2.018864978075725958e+00,3.549896869621079531e+00,8.915260397768179246e+00,1.765431676426396734e+01,1.051348616063569352e+01,-1.435070417305360024e+01,-3.056044434235082008e+01,-2.600484924318789126e+01,-2.894425814870010072e+01,-8.734148480891235522e+00,2.566028305216696026e+01,3.137553311259307520e+01
-8.169827750623517204e+01,-5.495280823174834950e+01,-4.797118049816072016e+01,-2.871567700163541303e+01,-5.334829793995595537e+00,-1.114762045528459566e+01,-1.857776390519939014e+01,-2.503024534233645682e+01,-2.471157953481633740e+01,-1.082789225576016179e+01,4.096086225697035843e+00,3.196526742311107228e+00,2.157641829885778861e+01,9.639804258911681245e+00,2.098053768473710079e+01,-5.239079692692939716e+00,-7.304497964809343102e+00,-7.528865824696367781e+00,-4.850199652976698417e+00,2.200833152064296883e+01,4.516362912375370797e+01,5.264837832721150335e+01
-6.020539569240918354e+01,-3.130243048668398842e+01,-2.514074149821772153e+01,-3.518355887269535742e+00,-9.597042537392553641e+00,-1.606227736529217509e+01,-2.238375779637772212e+01,-3.470856682875091792e+01,-3.125997398852632614e+01,-1.994625624809214059e+01,-4.905116488759631466e+00,9.465174202019625227e+00,9.237785007348975341e+00,9.234907397241840954e+00,1.144605123032943084e+01,1.994286250032746466e+01,2.437305801752154366e+01,1.353955807273086975e+01,1.190410237096875790e+01,9.501027614941449428e+00,5.092792024941718410e+01,6.171352416855370393e+01
-3.261439119529495656e+01,-3.532358917044803093e+00,-1.319753534457959177e+00,-7.745080903970119834e+00,-1.547583927862524433e+01,-2.408762681625557889e+01,-2.957512712622246909e+01,-3.151780227897597797e+01,-2.377677707996826939e+01,-1.153069245548795152e+01,-7.857492515922785969e+00,9.155290171433080104e+00,7.688491953837001347e+00,7.654882452879064658e+00,1.104743475115083129e+01,1.962468907786751515e+01,2.314960070818688109e+01,2.820726284886313806e+01,2.759791478938313958e+01,3.686945339474459615e+01,4.795919785777641664e+01,5.813542748128020321e+01
-2.559626126565672166e+01,-1.346957681093044812e+00,-1.292677225211264158e+01,-1.205392833661517216e+01,-2.014841505485856032e+01,-2.684883389491460548e+01,-3.151671235565663665e+01,-2.404668748287167546e+01,-1.495341959627330652e+01,-5.260440265804390947e+00,6.907247709171315364e+00,1.068636157888158777e+01,8.702107535377763270e+00,8.996903978858426854e+00,1.320646435662183649e+01,2.323437768720123131e+01,3.248285469281836413e+01,3.073014987931765063e+01,3.015307080945149210e+01,2.971461198976885498e+01,4.089466104325583728e+01,5.061661074974108487e+01
-4.633647117082819022e+01,-2.255119852692678251e+01,-3.051960253972447390e+01,-1.749228594011219684e+01,-2.741354652227710176e+01,-3.049788390861522203e+01,-2.534206010057005187e+01,-1.757591988117746951e+01,-6.676712132009924971e+00,4.697610313198310905e+00,9.601155870477668941e+00,1.186016591025054367e+01,1.178518060536043777e+01,1.031382146971282054e+01,9.751584630429533718e+00,2.351182537884869816e+01,3.090147059427181375e+01,3.423909123187513615e+01,3.276827139425586211e+01,2.988111147553445335e+01,2.789847622159049934e+01,4.747215946047344914e+01
-6.187518003129662247e+01,-4.241478661997825839e+01,-3.190705933442131936e+01,-3.316541374467306014e+01,-2.746725194412192650e+01,-1.564555179359922477e+01,-9.437348678356102027e+00,-1.279132833475159714e+00,-1.101375865030604473e+00,7.079628814209172560e+00,1.051265227433668770e+01,1.277395666827214882e+01,1.200688428303692490e+01,1.018888804172092932e+01,9.676710156631088466e+00,2.040491918406951299e+01,2.506813643822624726e+01,3.101626267037772777e+01,2.800183313555317000e+01,2.331553440746029082e+01,2.183497040019665292e+01,3.964031417572550708e+01
-7.922424489654713398e+01,-5.203928604292559612e+01,-3.952587946617495618e+01,-2.293661082437756704e+01,-1.782497031962338951e+01,-1.167304489877096785e+00,6.449770747678485350e+00,1.131559176555765589e+01,5.435488651716696040e+00,9.551106765626173001e+00,8.506827042748227541e+00,1.243442278654492839e+01,1.086380323023877281e+01,1.113696634397274465e+01,9.756973761713197746e+00,1.480823336496814591e+01,2.307080681181923865e+01,2.731212627644981694e+01,2.343685488181563414e+01,1.953608998263916874e+01,1.494022254959327256e+01,1.484816911208872625e+01
-7.725395517439483228e+01,-4.037598301952039037e+01,-2.543094462905719411e+01,-1.041159100066124665e+01,-7.555762505735401646e-01,1.145500023300883186e+01,1.832025722003436385e+01,2.026615264174324693e+01,1.343111067307654594e+01,1.238597806282541569e+01,1.217902848225548951e+01,9.940646493679196283e+00,1.019566642562494962e+01,1.053219677712604607e+01,7.770962279591913102e+00,1.238206533089578443e+01,1.799937702728129807e+01,2.303484907466190634e+01,2.702896035676349129e+01,1.904186286874301004e+01,1.588500845494309033e+01,1.372540564965038357e+01
-6.613443748223835428e+01,-2.804729041370046616e+01,-1.385102807109797141e+01,-6.046191099395400670e+00,2.132181476227742678e+00,6.980208821040832845e+00,1.298277478180443723e+01,1.445764545987913152e+01,1.475924555700112251e+01,1.546709326174823218e+01,1.332389682099983474e+01,1.405667904762231046e+01,1.242213165478278825e+01,8.717357228688342730e+00,4.731090999458501756e+00,8.608325203094864264e+00,1.216637425605676981e+01,1.684861306226139277e+01,1.983188955208788684e+01,9.746494759309825895e+00,7.464950094571577210e+00,-4.011116757353192952e+00
-5.089020252493719454e+01,-2.491846211980646331e+01,-3.069872352992206288e+00,1.051514959032829211e+00,3.306303039506019559e+00,5.481971665045421105e+00,1.089792008601943962e+01,9.693601541281168466e+00,1.204245868183625134e+01,1.631343328633374767e+01,1.730310603743691900e+01,1.763267351439844788e+01,1.545619513714791537e+01,9.505606821023320663e+00,-5.884211380453052698e-02,-1.573409224294664455e+00,4.292595786580932327e+00,9.533479338324468699e+00,4.193047325255065516e+00,1.032093283011818130e+00,-1.756330266432087228e+00,-3.647460043929640960e+00
-3.172963795772557205e+01,-8.367116673613963940e+00,2.108640814817590581e+00,4.479523158847769082e+00,4.306531811510467378e+00,3.918250261552202574e+00,4.650614487500206451e+00,5.961745805115242547e+00,8.879517541285167681e+00,1.153832335774222884e+01,1.934569633707815228e+01,1.810979631884674745e+01,1.537094761152820865e+01,9.182248568467912264e+00,3.632153342355195491e+00,2.739801537397397624e+00,6.966567418823615299e+00,1.075250643870276690e+01,6.991430137539282441e+00,3.215270301669988839e+00,-2.593619363324251026e-01,-2.776233117285300978e+00
-1.011980066452451865e+01,9.270065991315277643e+00,3.586620606039105041e+00,6.376292556085900287e+00,8.752050894489002530e+00,1.107347889937318541e+01,1.279371343690399954e+00,2.676047381874013809e+00,1.049338644708950596e+01,8.510511521762055054e+00,1.716560593364829401e+01,1.724725111192947224e+01,1.274503555098817742e+01,8.212108136767710675e+00,1.022075627332924341e+01,7.382158659384913335e+00,9.697796057910636591e+00,1.426093490911353001e+01,1.007699837487598415e+01,5.189523339881816355e+00,6.710662496952863876e-01,-2.645670076854003128e+00
