2.109543512368366791e+00
3.125506176673543468e+00
3.338136343403593997e+01
7.166734599855780061e+02
2.951620999583830490e-03
4.001933314056948348e+02
5.705581487026967807e+03
2.723885137097831830e+03
5.169980572242200651e+03
5.953203249037264388e-02
3.679636709510654782e+03
6.483267488735719453e-02
3.365696098713743413e+04
5.713234156256147855e+01
1.633763905659648019e+00
1.238198356228114108e+03
9.714738070959523611e+03
5.409094254607256858e+01
9.769775092063810007e+01
7.703822803867498692e+01
1.297178836410690747e+04
3.045785319143519132e+02
1.312629058397655399e+03
2.220030400704643725e+01
4.655233223890830345e+02
1.024054974880991686e+01
1.876202717865785962e+04
2.079914484639132422e+00
2.225303518297809933e+04
1.450692559779389690e+01
9.943945669234932616e-01
9.703073152850594170e+02
4.334806582188305583e+03
7.564543151615787338e+02
1.688803188200503058e+01
1.255479137925654811e+02
2.019203905525111986e+04
1.709947725373323624e-01
1.925894707091441660e+01
8.535805398461120408e-01
1.239691606524527678e+01
1.432824100782770074e+03
3.103725437876455180e+04
9.725736830274682632e+01
1.328536621997829847e+01
7.381426143946389118e+01
5.073417665439706616e+04
8.661327597982303450e-01
1.200801050700459172e+01
1.389368616385020687e+03
7.797394845579262892e+02
1.459355675437993511e+02
8.395194229681543163e+00
8.209456497769102157e+01
2.019226820917305929e+02
3.229675778277638187e+01
4.288683114380901884e+01
3.070264135359370172e+01
3.330089668485194920e+02
3.281047989671945775e+00
1.244683289853162478e+03
1.253525365578399686e+01
3.851442507992280184e+02
3.045307880879699383e+02
3.645792562051729746e+00
6.377653698761913681e+00
2.988646289791731547e+01
2.022243859165963045e+02
1.111941266456973842e+01
2.592052041370147109e+01
3.777471910911542352e+01
9.438595874740762781e+00
2.829754866735562757e+01
6.244395584970530422e+01
3.311760378184196441e+01
1.100426351436831318e+01
7.617170809590123604e+00
7.305821033371288076e-01
3.166246034760951678e-01
1.391461827203482358e+02
7.158917524536520638e+00
2.396930039030840565e+00
2.699147241562195632e+03
6.420513944759619562e+01
1.248831122977451855e+02
2.511620557008520827e+00
5.766136189960651848e+01
6.119995064669119245e+01
4.128835020523216372e+04
8.877000684215144020e+02
2.328615272538186218e+02
2.426415299192128714e+02
1.223406041095795516e+01
4.684982566598166365e+00
1.777359286671478458e+02
2.613600523904303827e+02
5.235524122363364086e+01
4.933224602762260880e-02
1.887929230222893966e+04
3.487984633491167585e+01
1.317625552831896493e+04
1.012855347770696568e+02
1.501305575902988920e+01
6.970606568194246400e+00
6.291880467679513345e+01
1.085903569713153871e+01
1.025473870947888555e+00
1.391099391009510953e+02
3.473794439373023124e+01
2.124598698329064339e-01
4.976989301693086176e+00
3.335449062163900749e+02
2.267333181160945399e-01
1.425532594592339706e+02
3.067622282595063032e-02
4.755183574621345825e-06
4.025476769385005582e+01
1.250809122650353515e+02
4.247600068798462871e+02
1.454611850190204336e+02
1.287546918915009542e+02
4.144317984067458838e+01
7.354196122695513793e+01
5.809780692778072186e+00
4.253383961160973740e+03
3.776168034153555730e+00
2.481048230516308806e+01
1.911008363869258062e+02
