3.175849025415118376e+00,1.214318205093968572e+01,1.921311962605250301e+01,1.764662554810001893e+01,2.543172073050754989e+01,3.251372881599309039e+01,3.850205427713262907e+01,4.015562188030526158e+01,3.982458833203509130e+01,3.953079512581643939e+01,3.727248864644661808e+01,3.984987131030993623e+01,4.775546816883434076e+01,5.567176374149494222e+01,6.128069175822292891e+01,6.724932724949212570e+01,6.967283277755177551e+01,6.823503849639746477e+01,6.509603290381801344e+01,5.824308639577066060e+01,5.127794363947396050e+01,4.337170407621306367e+01
-6.884456499608859303e+00,2.179968291435216088e+00,1.192338940900299349e+00,1.089717071091399703e+00,8.056835844809029368e+00,1.473391739961971325e+01,2.094130752034652687e+01,2.304055981663623243e+01,2.328296252065047156e+01,2.261789351929564873e+01,2.378985997095242055e+01,2.641106821854828013e+01,3.268311116171480535e+01,4.558274855471518094e+01,5.185286224773699360e+01,5.921081694913664251e+01,6.071174873938161909e+01,6.098284369071097899e+01,5.749359946479398786e+01,5.538726035746185516e+01,5.201785158771235729e+01,4.696385365897276642e+01
-1.558514027038108907e+01,-1.336521143269601453e+01,-1.383083786775114277e+01,-1.535076164562269696e+01,-8.657977619185658114e+00,-1.239386642509998637e+00,4.446081898904594709e+00,7.300281245820769982e+00,3.809889996388847067e+00,5.126515970842774550e+00,5.931610214618558530e+00,6.831120103801367804e+00,1.225876718327981507e+01,2.462341577439019602e+01,3.215816449795875087e+01,3.707721032360950630e+01,4.080226569079604815e+01,4.407053422558510647e+01,4.282483270853208523e+01,4.618402001283448044e+01,4.852145430424479855e+01,4.702666730576765985e+01
-2.368254002275625680e+01,-2.240564474023267394e+01,-2.571892686961746222e+01,-2.689167837431978114e+01,-1.815798906826330494e+01,-1.116545644270172488e+01,-6.194708259706203535e+00,-4.717412189740571193e+00,-9.855905959779192926e+00,-1.014483256611219986e+01,-1.111093142924528365e+01,-1.261148050612700899e+01,-8.562142111607499828e+00,2.484994482407273608e+00,7.939980429137904139e+00,1.137580808604798221e+01,1.420372531826524209e+01,1.303309825959513546e+01,2.147671749982055189e+01,3.327487522661522235e+01,4.391047078929295822e+01,4.878226636299768870e+01
-2.891079794964844041e+01,-2.897147153797232022e+01,-3.082313390876424819e+01,-2.703056135616952815e+01,-1.962022638683993137e+01,-1.192189264973058016e+01,-7.511935896803151991e+00,-5.764410138059247402e+00,-1.256790606002414279e+01,-1.801715759153285035e+01,-2.320866518358343455e+01,-2.442738750050284580e+01,-2.171991728648299613e+01,-1.263745354140701238e+01,-8.297506282243375608e+00,-1.196231420504591370e+01,-8.875832073431411118e+00,-1.370650596855557524e+01,-7.115763434194377623e-02,1.871785155215275154e+01,4.289226140469691018e+01,5.483916808966387180e+01
-3.111111907455233450e+01,-2.920406464553434489e+01,-3.142943383542115043e+01,-2.310020862305373157e+01,-1.461061757251263771e+01,-6.086248841569613433e+00,-2.823707948779883736e+00,-5.104859672093880363e+00,-1.274110046668647556e+01,-1.742922055318740604e+01,-2.285200987889857061e+01,-2.676414943108829902e+01,-2.390503745203386643e+01,-1.881570417731109046e+01,-1.907829778961058764e+01,-2.423707477412699518e+01,-2.807812195343740314e+01,-3.188800994883058593e+01,-1.548172268486814573e+01,1.983673994071796187e+01,4.454090534522674716e+01,6.125191472415735916e+01
-2.973983051092091046e+01,-2.816294394730266504e+01,-2.636487386196131411e+01,-1.727469730636130407e+01,-8.606504202272844850e+00,-2.132567473471681296e+00,3.181403564076390467e-01,-2.392908397237988538e+00,-1.083271780663835671e+01,-1.268876125198949012e+01,-1.582274127422351739e+01,-1.838539480763665779e+01,-1.736086887488545472e+01,-1.488762752870934492e+01,-1.558674593673640629e+01,-2.016907395299767813e+01,-4.422676323730593140e+01,-3.930582333040183585e+01,-1.447187229881910753e+01,1.590790495165492757e+01,4.920374060501944768e+01,7.328537529828645347e+01
-2.360448208435627748e+01,-2.841462469918496936e+01,-2.219912016505350039e+01,-1.385595327960709255e+01,-6.133631259922367462e+00,-2.408251411859964719e+00,5.611667259208843461e-01,-2.480899928023973189e+00,-7.749572807072581782e+00,-1.099552692147153721e+01,-1.192350430652459181e+01,-8.295185177464190929e+00,-7.849006432776150177e+00,-1.428040109270750690e+01,-1.521545001532649621e+01,-2.427586762156624900e+01,-3.937326369769016310e+01,-3.925208768267657433e+01,-2.015103057286796684e+01,1.164106271806667792e+01,4.505675384392634442e+01,7.825725774832335446e+01
-1.777248714114375616e+01,-1.962856894389551599e+01,-1.914711320544574846e+01,-1.438317181926686317e+01,-1.019616630946075020e+01,-4.374746080025033734e+00,-2.335047927155756042e+00,-5.844984320466210193e+00,-8.009913060204780777e+00,-9.925050059203385899e+00,-1.106915374598065682e+01,-7.395640428072510986e+00,-8.159606191627972294e+00,-1.176444455888395169e+01,-1.642688235441983124e+01,-2.623859987507967162e+01,-4.255174969846848398e+01,-4.006660431996169791e+01,-2.370326767587721406e+01,4.924889538269781042e+00,3.488363253771967720e+01,7.541635744939230790e+01
-1.335375699787891790e+01,-8.465372548566847399e+00,-1.595228319513626047e+01,-1.342676870567174774e+01,-1.178696720268908393e+01,-9.164614723018530640e+00,-4.933431491388546419e+00,-6.698751888004153443e+00,-7.841688828872975137e+00,-8.873563721178470587e+00,-1.080619043520528066e+01,-1.285889938287891709e+01,-1.621803776258093421e+01,-1.929784375734925561e+01,-2.678389263170720369e+01,-3.609099089769733837e+01,-5.181229854086450359e+01,-4.954725457234690111e+01,-3.292131236500608793e+01,-7.511310767312352255e+00,2.200723304168150207e+01,6.935502043215728918e+01
-1.581243310556510551e+01,-8.725315509187566931e+00,-5.628547945564605470e+00,-4.586489322574379912e+00,-9.373940976168341876e+00,-8.540604651038847805e+00,-6.486679327380443283e+00,-5.876867553405645594e+00,-6.277178211160389765e+00,-6.558676687724982912e+00,-8.877276795555189892e+00,-1.274067463258052157e+01,-1.945305345233009575e+01,-2.627503815360978479e+01,-3.217883254993466835e+01,-4.645235342569321801e+01,-6.389736538126271626e+01,-6.411956620031560306e+01,-4.867380242707076832e+01,-2.432629464485944482e+01,6.923089035268276348e+00,5.912425544361576613e+01
-2.471993828509948798e+01,-1.390158710039941070e+01,-7.670928747445032059e+00,-2.404119615017407341e+00,-6.665169226411308045e+00,-9.108920152949394833e+00,-6.816040768309903797e+00,-6.301526984140764398e+00,-4.151893440137428115e+00,-3.061486165005590010e+00,-3.743498314076532552e+00,-8.238247768921610259e+00,-1.565472640210282407e+01,-2.213665929770013463e+01,-3.142424898305944225e+01,-4.805313998558813182e+01,-7.124501318558395724e+01,-7.750880177463841392e+01,-7.087273617044684215e+01,-4.277887898277185741e+01,-1.173485712846377282e+01,3.197089075098574540e+01
-4.058991398160105746e+01,-3.369400770679749257e+01,-1.673871295228673262e+01,-5.960675575651293912e+00,-4.912797648474224843e+00,-5.551647868823238241e+00,-7.227043404473988630e+00,-2.112303921468082990e+00,1.965657617101896903e-01,2.027242849060712615e+00,2.903882065316793160e+00,-2.578561060553511197e+00,-9.415590514909126796e+00,-1.125941840003542893e+01,-1.739456316339965269e+01,-4.155481621738363174e+01,-6.563174836205143947e+01,-8.110194771460010088e+01,-7.626592544084087422e+01,-5.316722919014773652e+01,-2.719245853481243103e+01,-3.171713955300219823e+00
-6.494163655108059174e+01,-4.058405422870873736e+01,-2.014478969726769719e+01,-1.605453170151304221e+01,-6.444657475868552865e+00,-4.947345415602285357e+00,-6.345992296330223326e+00,-3.174930554691854923e+00,2.513341454291548871e+00,5.631858765783363197e+00,1.165147296418581391e+00,-2.481594316585869819e+00,-2.949878514370539051e+00,6.933825346868616180e-01,-2.916943210647332307e+00,-2.936682978036060376e+01,-5.868936863292674389e+01,-7.580356424048386543e+01,-7.128219701080070081e+01,-4.763960515035978460e+01,-2.138412891700045293e+01,2.221633226647099946e+00
-7.973110907516547741e+01,-5.200504155046473898e+01,-2.724567505539744161e+01,-1.990771160270833207e+01,-1.148333866747270804e+01,-6.375830068343930179e+00,-1.040903554798205732e+01,-8.417020643977593863e+00,-3.815215665328651085e+00,2.428435697142049321e+00,2.265459667790310050e+00,3.804808735949336551e-01,7.384403283573192311e+00,1.243296798709343420e+01,9.899954023997452168e+00,-1.432191992967182159e+01,-4.514187347534971195e+01,-5.741900183376219502e+01,-5.315487790138922719e+01,-2.843336009852100688e+01,-7.121053469284561288e+00,1.614799025797310605e+01
-8.553487663081250503e+01,-5.574417182087108813e+01,-2.698630036053691583e+01,-2.146592609355138848e+01,-1.453304141627268109e+01,-1.190790330679374165e+01,-1.952841098116368812e+01,-2.087558146249375568e+01,-1.253343087302982894e+01,-5.724815566223696806e+00,7.945631938828228158e-01,8.620467227896369877e+00,1.239795448215772922e+01,1.748185059299066779e+01,1.069603057873246144e+01,-6.685224947508686455e+00,-2.550308023390607559e+01,-3.410101435172327911e+01,-1.902549513900430611e+01,-2.544107926650212903e+00,1.600889303960138932e+01,3.615169612986937864e+01
-7.138743390079343953e+01,-3.979406771954836586e+01,-1.678173146696462936e+01,-9.929523914420315123e+00,-1.272480791691032209e+01,-1.983954894266025804e+01,-2.747552980240197940e+01,-3.025613728165262728e+01,-2.271425091484707082e+01,-9.769605822329140210e+00,-2.938902364988280169e+00,8.716767964797327295e+00,9.645164987174212001e+00,1.720951061438245233e+01,1.569449042851374543e+01,7.961676865725166863e-01,-7.691452524123633339e+00,-6.952117369624829735e+00,2.665844322158591240e+00,1.860373027834702953e+01,3.548028856111341156e+01,5.319404713480889768e+01
-5.109915464568803145e+01,-2.093677933029175620e+01,-3.876837559082559892e+00,-3.361944222789134074e+00,-1.138216605564139172e+01,-2.580073804413677863e+01,-3.231099718735367787e+01,-3.328610168106933997e+01,-2.743029021881920926e+01,-1.131832213581128599e+01,-3.386746745659365843e+00,6.884305032330303220e+00,9.612453677097619220e+00,1.380893296592694242e+01,1.602074643142896093e+01,1.311695807366049848e+01,1.429938104044231295e+01,1.310978519600757863e+01,1.955758010437602934e+01,3.178290098966317601e+01,4.722565124566335726e+01,6.218118837317888392e+01
-3.384731190197089745e+01,-4.136167513405780483e+00,4.672196720989632013e+00,-3.803570720526295190e+00,-2.331656252586890332e+01,-3.095174239388961723e+01,-3.175390043425704789e+01,-3.092432289389944344e+01,-2.354351017826411407e+01,-1.259077902604803967e+01,-8.374058192821394186e-01,1.078134945817964763e+01,6.619671930942786275e+00,8.655899864229468221e+00,1.431524871032888768e+01,2.285427273825916927e+01,2.752220717255204363e+01,3.012744498727715836e+01,2.929003838657172309e+01,3.687832650839573034e+01,5.121307863528636517e+01,6.450613607132891048e+01
-2.792288384907715226e+01,-9.797011284172185697e-02,6.248332607849079068e+00,-1.908447449613504432e+01,-2.713334719447902899e+01,-2.937596401959490322e+01,-3.030074922299263562e+01,-2.567826374881497031e+01,-1.542912868516759772e+01,-4.079150216935886419e+00,5.703580614056591003e+00,1.177164288557833061e+01,8.330937173099300708e+00,9.580367089542960457e+00,1.717331205374921410e+01,2.412117841649887851e+01,2.997598862732593261e+01,3.573968266456358833e+01,3.372833086361424648e+01,3.771828472435390722e+01,4.430460437870897294e+01,5.696704785849851760e+01
-3.592822321802032093e+01,-5.548991619294611155e+00,-2.871168279884568619e+01,-2.549693342085538461e+01,-2.702984832822221506e+01,-2.571254494498771237e+01,-2.099784058084424032e+01,-1.633982863608252956e+01,-7.481702782803040463e+00,2.343637448826484615e+00,1.036776920976171823e+01,1.159177523553898936e+01,1.165725982498224766e+01,8.841739324198897521e+00,1.468477956872266077e+01,2.456939459186924068e+01,3.003883749787109991e+01,3.373657713402917580e+01,3.285376054116113664e+01,2.992530229822386900e+01,3.633704513901375321e+01,4.530870028912522685e+01
-5.924625667749205604e+01,-2.720550183743853268e+01,-3.849519798130040726e+01,-2.795681480795337848e+01,-1.879937015169798542e+01,-1.517413934444903134e+01,-8.328823536805430194e+00,-3.393295253899850650e+00,1.400465735048783245e+00,5.184989708461216651e+00,1.068460119390510954e+01,1.103692134164612071e+01,1.308403709176400298e+01,8.419417412244001753e+00,1.200475626732259116e+01,2.106451852443115058e+01,2.767095625718593510e+01,3.227302387010058737e+01,3.202633390878145292e+01,2.943248297628815635e+01,2.767459342308302439e+01,2.938272899177809450e+01
-7.233923339268312702e+01,-4.677676223552407464e+01,-3.318949183961649396e+01,-2.515493576823519106e+01,-1.130621123979926779e+01,-2.075882475885919121e+00,5.495755302223187755e+00,8.467857706430550024e+00,8.512200193415992544e+00,9.242708613911418070e+00,1.181678630919486750e+01,9.680937828291462210e+00,1.037338984609141335e+01,1.012741498644118110e+01,1.114694912836239382e+01,1.671370799233318394e+01,2.188343731209533871e+01,2.832036176308156428e+01,3.168473512662058056e+01,2.912069644531584345e+01,1.903322854864291003e+01,2.011474172169437225e+01
-7.678281478632470680e+01,-4.361229214040668012e+01,-2.754909205367312097e+01,-1.242057830051817291e+01,-4.401398685404274147e-01,5.812182883425521140e+00,1.450441966526614124e+01,1.655327165276685264e+01,1.406531941549019393e+01,1.219838546851951833e+01,1.371023265556323167e+01,1.168784713117383944e+01,9.425282271229662001e+00,7.893947795083477104e+00,8.664519773642496148e+00,1.082157803621248604e+01,1.603390071460580657e+01,2.049598863057144627e+01,2.411659043662621116e+01,1.488247925199812016e+01,9.887765967603627359e+00,3.574792500607145485e+00
-6.838369363122183131e+01,-3.270491628559284436e+01,-1.599935806434314145e+01,-4.133254876066530414e+00,5.408103852034400916e+00,9.877057084129774012e+00,1.509180060369362764e+01,1.696425433421245543e+01,1.551225259879902296e+01,1.560935273996983597e+01,1.491513246459453512e+01,1.400265674632737500e+01,1.188156633160269848e+01,7.495417946272027621e+00,5.656986383391085838e+00,5.871383707650238648e+00,9.331193507226089423e+00,1.426404294296662556e+01,1.544370851763869723e+01,8.868599232956512424e+00,4.172795592427974043e+00,1.921393115262617357e+00
-4.431096875338698737e+01,-2.229281639575219742e+01,-7.416534061258971633e+00,1.891356337592696946e+00,3.482414306902683165e+00,7.488692387049923127e+00,9.805960304883228673e+00,1.375163302126202325e+01,1.277371277603378985e+01,1.697835568034861353e+01,1.743416072695254115e+01,1.716064144348729315e+01,1.337001524144034192e+01,6.320417596139122907e+00,2.350478568921062106e+00,3.816670901035649877e+00,6.695323202754480008e+00,8.723314936847600620e+00,1.072152725610794732e+01,7.940403479897213401e+00,3.613857374450162752e+00,-1.519052658890359453e+00
-2.590676956096467620e+01,-6.709968135231065389e+00,6.103044141226746433e+00,1.233620006195997121e+01,2.581868562765521347e+00,5.839113738666128484e+00,6.542821400303182600e+00,9.746482348307836219e+00,9.656360707742351224e+00,1.507053382233880257e+01,1.793921858964586136e+01,1.712684491687105037e+01,1.103999557573570200e+01,7.595510934706908301e+00,2.295316529356568935e+00,5.052551619421137730e+00,6.835406870321094175e+00,8.241384831978393777e+00,8.072986478696293489e+00,5.516503218096659111e+00,1.307131257708533667e+00,-2.810825732934063126e+00
-6.262887495612631028e+00,7.886171731342983549e+00,1.928303768543810293e+01,2.125934476386464667e+01,-4.621280769920304010e+00,-8.006923804233338160e+00,-1.265621704868954112e+01,-1.270713086607702280e+01,-4.625759756271691003e+00,-7.331063684114269563e-01,5.897188225098034309e+00,1.657703967447469040e+01,1.758466171605778072e+01,7.757135411622584797e+00,5.835138194512182963e+00,6.594983104313541844e+00,9.800907868149806745e+00,1.063531878807316389e+01,9.677532713752952986e+00,6.981481465895740257e+00,2.902638995800771227e+00,-1.252458140669659770e+00
