1.462488315490771527e+02
1.470889619491426714e+00
4.071947528234253610e+01
7.606585793554771726e+02
5.433299113597730212e+01
7.652116669372186379e+02
6.233847155156304325e+03
3.729050993221059798e+03
5.479876485338161729e+03
4.956660271150676311e-01
5.111818658037346722e+03
6.688821337246163568e-01
3.725956126269991364e+04
3.087116319107755658e+01
2.454651091001000540e-01
1.734116485429048225e+03
1.100899212711615291e+04
1.135330760765047842e+02
1.068350144607172609e+02
8.411377379743711913e+01
1.386366541104175121e+04
3.111355952903157345e+02
1.548880574877822482e+03
3.037891426633071745e+01
3.417636106404092402e+02
1.870491075843541751e+01
2.009984768791475653e+04
5.390891486904045848e+00
2.373878369183001632e+04
3.766649919653396950e+01
2.165548553697253453e+01
9.714385346689571179e+02
5.008121200838565528e+03
7.187365690373675307e+02
9.449729359611820811e+00
2.079912329006229754e+02
2.154263075109765123e+04
2.300585068213062456e+01
3.339669063004026128e+01
4.541428398745505746e+00
1.090402874206304240e+01
1.306343557728104088e+03
3.240240170355483133e+04
6.354137634107831190e+01
3.330853788273073235e+01
1.039728039626325824e+02
5.296269074675683078e+04
6.353364642324872413e-01
1.034607639547876712e+00
1.282582402814082116e+03
9.451217499941074038e+02
1.218470194444795140e+02
4.381691898378704053e+01
7.531714737449570407e+01
1.695341188728092732e+02
4.455396661080331278e+00
4.963805579362841769e+01
3.570832293211753239e+01
7.573519099023096715e+02
1.404781104197792985e+01
1.597238860054375891e+03
2.393881531868508716e+01
4.333830662232905979e+02
3.225198227444938084e+02
5.244508296207905040e+00
1.061184735755330699e+01
5.757625426047625439e+01
3.414377697556247995e+02
5.038468579837371841e+00
6.158597608372154042e+01
3.047963573550017458e+01
7.905196430962751819e+00
2.712237364603092971e+01
1.966078118297899096e+02
2.604469226607623256e+01
1.257995699060938943e-01
6.828855294832751888e-01
1.504216381723566620e+01
4.036716724659476085e+01
1.664497166563675989e+02
8.496093988572955880e+01
5.161054588527354227e-04
2.447740517484359771e+03
6.288524413780474021e+01
1.262450341335493107e+02
7.045303155371478887e+00
5.444266167443263527e+01
1.029636546472220431e+02
3.288645247074632789e+04
7.951452333321103652e+02
1.641509698262429140e+02
2.005725102769684156e+02
6.900417911601485876e+00
1.657602890746436231e+01
1.661559296602245865e+02
4.146184323734671011e+02
1.571748456403292096e+02
2.670249812308630677e+00
2.009950841110288093e+04
1.799623956187044982e+01
1.417694680250854071e+04
2.410628591777863221e+02
3.240624333633044785e+01
1.202789751255587847e+00
6.985485324006559438e+01
3.421790745457814609e+01
7.110875447475674349e+00
2.805057871621586969e+02
2.362106301938421993e+01
7.021831575971159145e-01
4.279926516876166431e+01
2.528401563139897803e+02
1.940103296254689358e+00
1.665164088238928457e+02
7.256192874619170396e+00
3.174993506540181865e-01
3.413269327770277073e+01
1.897253684255774431e+02
4.429600236395157253e+02
1.439002663627165362e+02
2.604234840502531370e+02
4.718557999483149956e+01
8.678081816127951242e+01
9.242701696897396957e+00
3.057851804096011165e+03
5.545535167585398106e+00
6.656942158859257574e+01
9.123742904408145193e+01
