-1.562546434162049991e+01,-3.049663885572044819e+00,2.054875418552910560e+00,1.054892592847772903e+01,1.823581568818281085e+01,3.223206115661650983e+01,4.641073795302509097e+01,5.790443832095661492e+01,5.621724988932601264e+01,5.280679133225930855e+01,5.158014054214618227e+01,5.600269780080361670e+01,6.447868330316759966e+01,7.606029854944699764e+01,9.249278466984287661e+01,1.049027328809661412e+02,1.145813734680677953e+02,1.237280473433456791e+02,1.351391827008774271e+02,1.300570702262302802e+02,nan,nan
-2.368120087967872678e+01,-2.089458095977988705e+01,-1.839795136385237129e+01,-9.159692039433139144e+00,1.138408985808382567e+00,1.797285750385435676e+01,3.013342018156981794e+01,4.146173301290218660e+01,4.721809296947049006e+01,4.214956549759517657e+01,4.106575005369995779e+01,4.439166446595027082e+01,5.049190805940543214e+01,5.968272311287364573e+01,6.763549747785327781e+01,7.974421548660393455e+01,9.937188652251552412e+01,1.091005733722813602e+02,1.120720301778546855e+02,1.182594970255577209e+02,1.273072125991257053e+02,1.306498773499833987e+02
-3.986263743916151725e+01,-4.163050271852080186e+01,-4.434215973185655457e+01,-3.211230333928324399e+01,-1.898881153343700134e+01,-2.602864163240155904e+00,9.393047693670268927e+00,2.298729355291561660e+01,2.749110012732307951e+01,2.358502434365891531e+01,2.456908427408689022e+01,2.523815184712020709e+01,2.739366379723651335e+01,3.173002657985762198e+01,3.943358105021525262e+01,5.155659874059347203e+01,7.098656306432258134e+01,8.658512838765454944e+01,9.618654106426220096e+01,1.055251943417952134e+02,1.135489814559532533e+02,1.252252786745184494e+02
-5.312428654315044696e+01,-5.955267606643428735e+01,-5.761135376991023804e+01,-4.943805491009152320e+01,-3.585601594855870644e+01,-2.024121663057576370e+01,-1.054366755243609077e+01,-4.811997175958822481e+00,-7.842069147279289609e+00,-5.991182409175962675e+00,-1.037558316213562648e+01,-1.129768247058837005e+01,-5.480642403966157872e+00,-6.471288402600293921e+00,2.061762132492731325e+00,1.469778239827064681e+01,2.417725812161097565e+01,4.491140774083396536e+01,6.756925076797506335e+01,8.670617935484187910e+01,9.834069456940142118e+01,1.111566792666626498e+02
-6.216524767046576017e+01,-6.965498707247934362e+01,-6.717975209567703132e+01,-6.090905766331525228e+01,-4.383253782249903452e+01,-2.798291593131762056e+01,-2.041435250746053498e+01,-2.158189947435403155e+01,-3.529398838987799536e+01,-3.903256858181430289e+01,-4.250338353909683065e+01,-4.551708643084020878e+01,-4.331873248529973353e+01,-3.690452979547353607e+01,-3.159613479913332412e+01,-2.334216481389375986e+01,-1.867736753978533670e+01,1.027898337940587226e+01,4.221068686218768562e+01,6.659650605536444345e+01,8.371871125652705814e+01,9.316992158133780322e+01
-7.240527941521395405e+01,-7.202522816048167442e+01,-6.775559708525452152e+01,-6.003208650835767912e+01,-4.305857054564694408e+01,-3.186845346778954990e+01,-2.574790695894080272e+01,-2.877661241335590603e+01,-3.901881326360216917e+01,-4.538779381811218627e+01,-4.973217943291456322e+01,-5.568587552995631995e+01,-5.638893174239547079e+01,-4.970101442987743212e+01,-4.520774715611332795e+01,-4.088072615601504367e+01,-3.843037940780777717e+01,-2.213001715400878311e+01,1.253375770698312408e+01,4.715838604724649485e+01,7.464554273614612612e+01,7.995860093112514733e+01
-7.904509567941659043e+01,-7.637397380401580449e+01,-7.074796422253257333e+01,-6.112364863387210789e+01,-4.608901546576271357e+01,-3.275805236194537429e+01,-2.836995614715215197e+01,-2.915163171500444150e+01,-3.727933668248624599e+01,-4.170629445339091035e+01,-4.620443575023546146e+01,-4.826784189555019111e+01,-5.060574167710365145e+01,-5.252041911361811799e+01,-5.194797621686484490e+01,-5.341979835704023571e+01,-5.112833431908256898e+01,-4.086762447930959752e+01,-1.715930353579096845e+00,3.269822203500734759e+01,5.974425073620659532e+01,7.506730980104202899e+01
-8.374648813021212845e+01,-8.064425501430287113e+01,-7.284222534325908782e+01,-6.653692992725427757e+01,-5.069893037433030258e+01,-3.557322853020468756e+01,-2.971413465375462692e+01,-2.732394972291240265e+01,-2.746397155440536153e+01,-2.931582015938602126e+01,-2.956909955504579557e+01,-3.145767418811192329e+01,-3.908735771892406774e+01,-4.412189897827192908e+01,-4.831592291422748531e+01,-5.255712584633693041e+01,-5.500738498466762394e+01,-4.078902879645556823e+01,-4.317220846522104694e+00,2.782506692325478070e+01,4.762800569712908327e+01,6.096412280224285496e+01
-7.147085708078066091e+01,-7.765395365917447634e+01,-7.389523080979597580e+01,-6.384976935653776309e+01,-5.256884927580631484e+01,-4.303755935454591963e+01,-3.309789477718004491e+01,-2.603058159252032056e+01,-2.256811385301716655e+01,-2.181646736095808592e+01,-2.406662722714372649e+01,-2.681856367207637959e+01,-3.142941312388029473e+01,-4.524458384672925604e+01,-5.279107699072028481e+01,-5.789654843329662981e+01,-6.453879933624830301e+01,-5.322955854065548920e+01,-2.005382968549201905e+01,8.450688819112656347e+00,2.990556047936934192e+01,4.171813375831425219e+01
-6.580811069940591551e+01,-5.946906657096042181e+01,-5.496758026445786527e+01,-5.701868817299600778e+01,-5.297899207340651628e+01,-4.368841113847429369e+01,-3.258708873906380177e+01,-2.318695881615440157e+01,-1.583663840884673846e+01,-1.519292609473177436e+01,-2.021715331735504151e+01,-2.585664380724756484e+01,-3.905576060287148721e+01,-5.188221946858084266e+01,-6.346562377778991504e+01,-7.202310819301692391e+01,-7.742759254420343495e+01,-7.765047201188281178e+01,-4.716040896813046857e+01,-1.940112625936490076e+01,3.389380406702912296e+00,1.391091970947945811e+01
-6.254459776472958765e+01,-5.685215221238831873e+01,-5.313572695398033829e+01,-5.392207432966642955e+01,-5.312474268204823602e+01,-4.288217768709273514e+01,-3.225648357184491033e+01,-1.701525015274546604e+01,-7.158958288574467588e+00,-9.798585510038719804e+00,-1.664504800037229870e+01,-2.587073391184821958e+01,-4.027566674522677204e+01,-5.463953413687886496e+01,-6.963007011351146502e+01,-8.160166197512353392e+01,-9.593604133066855866e+01,-1.042906097903387490e+02,-8.167376074404546671e+01,-5.104001940887337696e+01,-2.978842349659316824e+01,-1.961630426394367532e+01
-6.681302623868759838e+01,-5.666365437766216928e+01,-5.049680203747084306e+01,-5.024810446674746345e+01,-5.016411099618562730e+01,-4.271087695243659255e+01,-3.126189506490845815e+01,-1.137826914930337807e+01,-1.498410090478500933e+00,-3.719633496031747200e+00,-1.162692113627417712e+01,-2.058549500580556924e+01,-3.537116320215682208e+01,-5.016598302293823508e+01,-6.316147919327522686e+01,-8.346333295262320462e+01,-1.132964428786135613e+02,-1.278159691639912126e+02,-1.060224712003482637e+02,-8.194934145322076802e+01,-6.240492861044549500e+01,-4.134005302008881699e+01
-8.375594942569841805e+01,-7.150944235376937286e+01,-5.804861227859964856e+01,-4.759820474103526067e+01,-5.339440685541012499e+01,-4.642953072290220007e+01,-3.220648686275580985e+01,-1.301734239610595978e+01,-2.693171330525728990e+00,5.250350279138729093e-01,-4.370100089101470076e+00,-1.365193316068780405e+01,-2.671793712740327464e+01,-3.807251556162827910e+01,-5.400456786045651825e+01,-7.822644111253339361e+01,-1.107680597719772777e+02,-1.321184255934913381e+02,-1.241285330225573489e+02,-8.936311440982808563e+01,-5.957954334729311086e+01,-3.543628115218507446e+01
-1.083842177710585020e+02,-9.106900395347292942e+01,-7.160082258429793001e+01,-6.236117185313651134e+01,-6.047891102965604659e+01,-4.804006295252656855e+01,-3.319160839914002281e+01,-1.933740712287271890e+01,-4.360250875781275681e+00,3.697454402338735235e+00,2.240854761688751751e+00,-4.657366989269576152e+00,-7.885855721287043707e+00,-1.378493596051885106e+01,-3.152367581136513763e+01,-6.185062869624107407e+01,-9.038434788324229885e+01,-1.061304304021614371e+02,-1.032695610290902550e+02,-7.049446339675523632e+01,-3.733991773245634249e+01,-8.294564133177118492e+00
-1.337397458000432380e+02,-1.067656915984562147e+02,-9.053180358420740959e+01,-7.923549924390408705e+01,-6.089905992103649623e+01,-4.997941864586391603e+01,-3.579521252267568343e+01,-2.027619348060215998e+01,-5.589079954558656027e+00,3.566308636998655857e+00,6.244481439844093984e+00,7.555181274810820469e+00,9.718699562697111105e+00,7.020178303322609281e+00,-7.224306153854740842e+00,-3.487296672648699314e+01,-6.121808460287047637e+01,-6.906620377736817318e+01,-6.237300789996061212e+01,-3.367515123466000659e+01,-6.312539181684769574e+00,1.843369554437140323e+01
-1.426563392278703759e+02,-1.130303862488381128e+02,-9.050175109182328015e+01,-7.838987652230116510e+01,-6.081135252963122184e+01,-5.081381594945378311e+01,-3.974473740806661226e+01,-2.620535342115272215e+01,-1.346783876270910696e+01,-2.376920468096614059e+00,5.332138599464997242e+00,1.478246358417527517e+01,2.144429856759688846e+01,2.321946923353516468e+01,9.836629717920914118e+00,-7.147027413422620157e+00,-2.591169348512994475e+01,-2.890461248511928716e+01,-2.022677906690296368e+01,-1.095917827591620153e+00,2.134805969750868826e+01,4.343539044018780260e+01
-1.330993125005561524e+02,-1.049818490585412292e+02,-8.672413006461192708e+01,-7.276185600271492149e+01,-5.491541299841901491e+01,-4.810473023282520444e+01,-4.657617405661767407e+01,-3.742787585818859952e+01,-2.302511500327182148e+01,-8.187926394551141129e+00,3.000755629314880935e+00,1.558622580485280196e+01,2.377699279785520048e+01,3.031162849133670534e+01,2.492084829971645377e+01,1.523302360962861712e+01,6.300954004995219293e+00,8.268222137361590285e+00,1.553650189833115292e+01,2.954040994968272571e+01,4.279823115669660183e+01,5.749007031861401629e+01
-1.091710005814611577e+02,-8.725292113933028304e+01,-6.911787480405564565e+01,-6.266116240685914818e+01,-4.621939297612698283e+01,-4.371490444417759136e+01,-5.194043098967995320e+01,-4.293781104657227843e+01,-3.003979578421422048e+01,-1.188290678863813810e+01,1.679252047032605333e+00,1.274729128957005742e+01,2.209347658450951712e+01,3.025271045507543022e+01,3.543773192416847451e+01,3.373213617245528440e+01,3.427202211068743054e+01,3.803266677625106240e+01,4.398717652283539792e+01,5.088520603440156265e+01,5.948328485147339961e+01,7.030329687277298945e+01
-9.002262551063995488e+01,-6.560995719752463629e+01,-5.584713212147016748e+01,-4.849931287682102266e+01,-4.215611530005298846e+01,-4.355112515803557471e+01,-4.483670132656607166e+01,-3.490976223609141016e+01,-2.671656324058676546e+01,-1.213414843228292739e+01,1.248988902732889983e+00,1.315082776498093153e+01,2.048916600448501413e+01,2.875857404352063895e+01,3.747082087914077420e+01,4.655848209727173526e+01,5.175849070812364516e+01,5.522881713388233038e+01,5.880263233449568361e+01,6.554603416883128375e+01,7.056898923415883473e+01,7.790093946931938262e+01
-7.658320091820587550e+01,-4.820703635291010869e+01,-3.855047062684934644e+01,-4.224466013035544165e+01,-4.068180988627500483e+01,-3.876735699925484369e+01,-3.364136492722809635e+01,-2.574720140714453009e+01,-1.729571169919290696e+01,-7.794459085380367469e+00,3.114055079036006646e+00,1.379770231502061506e+01,2.160417989362395019e+01,3.119920794523113727e+01,4.239091265200659109e+01,5.190894989269418147e+01,5.879213094614169677e+01,6.173985046965299262e+01,6.594504040960873681e+01,7.263292811321298359e+01,7.857693114595531370e+01,8.650845867352563801e+01
-8.620049656389528536e+01,-5.293981246993553214e+01,-3.066690622822170553e+01,-5.042531995242643461e+01,-3.935172051983317942e+01,-2.691286988273623138e+01,-2.056840679083688883e+01,-1.408354018701538735e+01,-8.049131391322589479e+00,-1.385681831667170627e+00,5.959640938428492518e+00,1.415834087210623693e+01,2.319342694306760677e+01,3.084635134051859495e+01,4.142902424088242697e+01,5.221719140148252336e+01,6.078146217157609499e+01,6.370451136537485581e+01,6.553388592743522167e+01,7.023808013747293444e+01,7.956249324367581721e+01,nan
-1.023736192988535549e+02,-6.682194822874134843e+01,-4.311322463242868253e+01,-3.774322852511068049e+01,-2.601895326442991063e+01,-1.288805111844158091e+01,-7.816892258152620343e+00,-4.037600250196192064e+00,-5.458983938478922937e-02,4.850293547454384679e+00,1.079459117629448883e+01,1.745511642398105323e+01,2.540776696566535975e+01,3.168407163471783861e+01,3.802424344365499564e+01,4.621708709445829300e+01,5.360410991889511934e+01,5.893597329790281947e+01,6.167943319902133226e+01,6.366381933566299267e+01,7.024520453323930269e+01,nan
-9.881139983714365371e+01,-6.488088003005123028e+01,-3.477954041729026358e+01,-2.275123184169024171e+01,-1.237682387130553252e+01,-2.450575613052023982e+00,2.544014523929945426e+00,5.926582091716227296e+00,7.160013243486901047e+00,1.046131751801476639e+01,1.529835948077288776e+01,2.010285545388614992e+01,2.431822275179729331e+01,2.871134529018854664e+01,3.306303039818430989e+01,3.701470156618233887e+01,4.246472068900675367e+01,4.831964270880598633e+01,4.977054252486414043e+01,5.463398218697420816e+01,5.941461041636011942e+01,nan
-8.994519379111534363e+01,-5.724571329270020215e+01,-3.030142577077549504e+01,-1.568511694770131726e+01,-6.326799522087640071e+00,2.802772575222661544e+00,7.640036986010272813e+00,1.127791730189073860e+01,1.204674232562410907e+01,1.501961070339712023e+01,1.834064129557373235e+01,2.092220532508963515e+01,2.227001223462320922e+01,2.257005051081341662e+01,2.460127475742865499e+01,2.754061479517349653e+01,2.989581647791328578e+01,3.245231910022539523e+01,3.652134856240354566e+01,nan,nan,nan
-7.890709406294899964e+01,-5.011077157847466879e+01,-2.951127264301976538e+01,-1.493547211284658260e+01,-4.658709214028931456e+00,3.967038958553530392e+00,9.546140562487380521e+00,1.482469706371739449e+01,1.633834649679829454e+01,1.798180805637184676e+01,1.983738690718291764e+01,2.041417305142476835e+01,1.950503814904459432e+01,1.707049286316396319e+01,1.712519733099816222e+01,1.997667911604185065e+01,2.203135531882253417e+01,2.377788972099278908e+01,2.618312692461586266e+01,2.123745256764232181e+01,nan,nan
-6.198182293494664918e+01,-3.806462004059267201e+01,-2.651210348004678963e+01,-1.484904983104570420e+01,-4.604030000858983840e+00,2.532282520002809179e+00,8.862918732260368415e+00,1.438716510061476583e+01,1.762958760606943542e+01,1.931247651320245495e+01,2.035795086497546436e+01,1.878538052990643337e+01,1.712113263359151460e+01,1.260550610280188266e+01,1.234981179843271093e+01,1.528063742057292984e+01,1.813231143871325912e+01,2.020762481397650845e+01,2.103029440628324664e+01,1.998517304490178503e+01,1.986431669619560125e+01,nan
-4.398745544831945153e+01,-2.924527745121395128e+01,-1.936599229725106852e+01,-1.216841973303871782e+01,-7.504664178823986731e+00,9.437907604788051685e-01,7.957936797442926036e+00,1.230327863589445769e+01,1.815373441821520828e+01,1.964878825322193734e+01,1.999035828071373544e+01,1.757827631385680434e+01,1.394672781470853806e+01,1.088024452201443637e+01,1.065312164958959329e+01,1.472688971617753850e+01,1.875702461315813707e+01,2.079944191671165754e+01,2.209502069333939289e+01,2.178259697578505438e+01,2.071196952164518734e+01,1.953301520245440770e+01
-2.940072186235465779e+01,-1.869415237585963041e+01,-1.128507833246294467e+01,-1.012632697244498559e+01,-1.023277307267744618e+01,-3.657858419686817797e+00,6.586493173917915556e-01,9.828298705761881138e+00,1.519817361616696871e+01,1.853862690709775052e+01,1.953096650998213590e+01,1.869364374313136068e+01,1.423844885572816565e+01,1.010194374834190967e+01,1.056234843384663691e+01,1.877924566882393265e+01,2.231140954273632815e+01,2.388346802088744880e+01,2.377115238837541256e+01,2.336505938531718130e+01,2.185188094557724980e+01,2.058129860289773205e+01
